-4.847947958286915049e-01
-3.876485987598842775e-01
-5.745712509206352125e-01
-3.059722304509376323e-01
-4.999267668592096148e-01
-4.615956787987508525e-01
-4.475239274846999349e-01
-3.915704735439782258e-01
-4.694381932167019378e-01
-4.907432255604822213e-01
-4.594299597885095343e-01
-5.511902512507348417e-01
-3.786573266196218701e-01
-6.517113017820406196e-01
-3.568801855170903869e-01
-4.386539765293107074e-01
-7.290517627439814241e-01
-3.586235479119496694e-01
-4.654310230203135834e-01
-5.773242783189769245e-01
-4.229426407579900959e-01
-4.333206044023918957e-01
-4.801955049251188656e-01
-5.954400110217827891e-01
-4.891625148644231369e-01
-5.295899244949673346e-01
-4.397910935038552016e-01
-7.863300317765103964e-01
-3.829453396008634103e-01
-8.141045019808025307e-01
-3.227713967082708191e-01
-4.139150634101055881e-01
