-5.044491858811904761e-01
-4.050096897491000658e-01
-3.503719487615010175e-01
-4.992075107683701107e-01
-3.791565380701766297e-01
-3.910805852122797299e-01
-5.327833443707321592e-01
-4.638664691722502731e-01
-7.727320234033392410e-01
-7.070905578769337563e-01
-4.378752979505621257e-01
-3.874047936081366217e-01
-4.164817260872123450e-01
-6.354850035141922371e-01
-4.984528094884567717e-01
-4.470522046616999257e-01
-3.677497722339098662e-01
-4.444552863851308766e-01
-4.266528720162094390e-01
-6.213260552641248768e-01
-5.539916185108487712e-01
-4.944713883395940313e-01
-4.925254600438153663e-01
-3.860758872369998151e-01
-5.076651599793794434e-01
-4.964954916445367128e-01
-4.457788520186597436e-01
-3.453759716343326458e-01
-4.469481726907256203e-01
-5.503493418281462102e-01
-7.268688961466670539e-01
-4.944727558632562858e-01
-6.893001345423673820e-01
-6.059739572786340123e-01
-3.510349955386264931e-01
-4.986233852393647248e-01
-6.197688500979376958e-01
-7.135779766598921992e-01
-3.409690074388946890e-01
-5.140064170023106449e-01
-3.891492756211918924e-01
-6.873603019629346278e-01
-5.013317459634711870e-01
-4.141582942337520001e-01
-3.643410492146033630e-01
-4.988861288121816395e-01
-4.540738716650266071e-01
-4.899181667820551311e-01
-4.665507290445973787e-01
-3.799192319566196407e-01
-3.939742716866352912e-01
-5.312242933424294877e-01
-3.994897035020265608e-01
-3.959371822234413751e-01
-3.297618510733452690e-01
-3.899988076733460485e-01
