-8.022404111761717305e-01
-6.722047933516578366e-01
-4.368726351025830623e-01
-6.354850035141922371e-01
-4.378332313812675625e-01
-3.391465776302121093e-01
-4.932624849790524513e-01
-3.453759716343326458e-01
-3.665758304716637550e-01
-6.010684140159960887e-01
-4.481995686852411898e-01
-4.780145708415401429e-01
-5.245034954106719827e-01
-5.869516891354021881e-01
-5.176538628729834279e-01
-4.033452204008626252e-01
-4.470522094393927226e-01
-6.052571840558976790e-01
-5.331838563319262203e-01
-6.004436707004660034e-01
-3.872616797044457493e-01
-5.001604571116339271e-01
-3.910805796775551624e-01
-5.044492080585194493e-01
-7.735915208835058010e-01
-8.419908821208630378e-01
-6.547154577336243841e-01
-6.477338601030222520e-01
-4.881435121216849971e-01
-3.818199758464215776e-01
-5.154206937703321723e-01
-4.470808123878279305e-01
-4.426970510026695949e-01
-3.194534344170805173e-01
-3.791565380701766297e-01
-4.614851364140178935e-01
-3.356380987516818237e-01
-9.534818506968140150e-01
-6.213259998747012736e-01
-4.987160871959328556e-01
-5.190937339439197773e-01
-6.753132204252844106e-01
-2.508059828267273916e-01
-4.109965540739458634e-01
-4.665507290445973787e-01
-3.600681571035937445e-01
-3.630415853926309833e-01
-5.279580479301180240e-01
-6.589774037055246003e-01
-5.518120363698812980e-01
-4.890893046442230108e-01
-4.748749798439198533e-01
-2.863020431664379806e-01
-3.503394691225829582e-01
-8.006703838298484532e-01
-4.747848451984446050e-01
