-4.785660252511047541e-01
-4.852282434589879068e-01
-5.075424980084444204e-01
-5.576984670691165213e-01
-3.860758833359916320e-01
-5.410170416416730799e-01
-4.862947420245885000e-01
-3.880584670095422739e-01
-5.918150268351897170e-01
-4.763302115812867443e-01
-5.869516504415669411e-01
-4.207658847765521903e-01
-4.006376393562222082e-01
-5.353629930455444663e-01
-4.021001034858090462e-01
-4.207168023733184326e-01
-3.731783554004892700e-01
-5.816822358238776802e-01
-6.179773917882166456e-01
-5.153697756142090469e-01
-5.092018459949616549e-01
-6.010684140159960887e-01
-3.656302518703708482e-01
-6.362122926623063890e-01
-5.761898088113118765e-01
-4.502941677256377395e-01
-5.279580275807634893e-01
-5.223746723821899307e-01
-3.510349955386264931e-01
-3.290519042151622275e-01
-3.776332712937647273e-01
-4.406353394317934491e-01
-4.448064131270629828e-01
-6.447759661625814820e-01
-6.068641048135196003e-01
-5.753355016597319072e-01
-2.825006539086044044e-01
-4.986233852393647248e-01
-5.922732197961071421e-01
-3.619910806424772032e-01
-3.643410492146033630e-01
-4.096584628879879064e-01
-5.394036134188401332e-01
-3.491181419053124846e-01
-3.502639696270954950e-01
-3.874047936081366217e-01
-7.466981840325920272e-01
-3.422160274754263987e-01
-5.357498191943277366e-01
-5.091001215242518807e-01
-4.554536243013042052e-01
-3.409690020729926885e-01
-3.699859080499309227e-01
-5.286080838622281286e-01
-4.696245932390035183e-01
-4.859825752185892855e-01
