-4.615957691860728129e-01
-5.408438410189209122e-01
-3.876486261209909356e-01
-4.213646829864954313e-01
-2.482867382253332866e-01
-3.613116994140904148e-01
-5.846269039431722936e-01
-5.471764032019256208e-01
-4.429254021287057363e-01
-4.281547678921595046e-01
-5.095559945920887790e-01
-4.086279567779899646e-01
-5.861739926296239966e-01
-4.253729793259310998e-01
-4.847947958286915049e-01
-5.937224043152690145e-01
-4.512179049981506762e-01
-2.719575045679015202e-01
-4.433008976414397617e-01
-5.691331606321520242e-01
-5.112447045087232800e-01
-5.991072512966816310e-01
-4.920084853990056017e-01
-4.067351800333900980e-01
-4.806799571280871430e-01
-3.919733651225968396e-01
-4.726063033476568531e-01
-5.647810345071005989e-01
-5.285065393683187063e-01
-4.409847238134098069e-01
-1.230989674506716147e+00
-4.766965376780709640e-01
