-3.480723518698807806e-01
-5.690081641671339563e-01
-7.727320234033392410e-01
-5.286080838622281286e-01
-4.378752979505621257e-01
-4.261045252737969413e-01
-5.003666039362617557e-01
-5.922732197961071421e-01
-5.075424506607355557e-01
-4.052439468933476396e-01
-5.282672956619772764e-01
-5.589913457085933235e-01
-4.693281932949413537e-01
-5.972537288990583670e-01
-5.245035541168645565e-01
-3.939066047387632663e-01
-5.684975350407338590e-01
-4.109965815523925481e-01
-3.899988076733460485e-01
-5.649272314897085812e-01
-6.106459286866349201e-01
-4.879215001546185482e-01
-4.678881167475681391e-01
-4.780145962263379067e-01
-3.795893843240681909e-01
-5.750255385112349460e-01
-3.511038140063234558e-01
-5.332848632301876446e-01
-4.200548854182604153e-01
-5.312242739731917185e-01
-6.110198887807065660e-01
-3.699859080499309227e-01
-4.061464409239999296e-01
-7.425652647972970088e-01
-5.153697756142090469e-01
-5.331838563319262203e-01
-4.753864892146192345e-01
-5.190937339439197773e-01
-6.407009209564643593e-01
-4.401734333972819879e-01
-4.848977099048592532e-01
-6.304185779376753063e-01
-4.671953458534646164e-01
-4.444552663538036685e-01
-4.882464214722260776e-01
-4.020334792835810189e-01
-3.630416347493031770e-01
-4.128132579040533212e-01
-3.956942766073273665e-01
-3.399695693613100644e-01
-4.368726812750579058e-01
-5.982964491437586796e-01
-6.426534987905214713e-01
-3.164752301401248524e-01
-6.886381737747170328e-01
