-6.543062108240681463e-01
-3.423171889167139215e-01
-4.463690911218808899e-01
-5.293664800134820769e-01
-4.072247383513360464e-01
-5.476517150062074624e-01
-3.695896680422223191e-01
-4.202312987138718259e-01
-6.809083496662491353e-01
-4.281547678921595046e-01
-3.586235575893140237e-01
-3.051897209400867839e-01
-7.958669870456469564e-01
-5.738377781529578892e-01
-5.446129820889517026e-01
-5.679888651759168461e-01
-5.207313591780626805e-01
-6.461242529141000279e-01
-4.755059939529199253e-01
-4.971392472511235172e-01
-5.414368173123118577e-01
-4.134139725086872219e-01
-4.786099547947825772e-01
-6.903891707823018864e-01
-3.915704949384061218e-01
-4.496723452497694007e-01
-5.511902713350461669e-01
-4.914933355964837269e-01
-4.726063033476568531e-01
-5.291594336413613098e-01
-4.067352145199223945e-01
-5.980596981454179284e-01
