-5.112447045087232800e-01
-4.148360586863812927e-01
-5.989138208984670086e-01
-7.601325483240358727e-01
-4.177057183785238825e-01
-4.215181370425215013e-01
-4.543035958579402789e-01
-5.032251654980384181e-01
-4.067300910560252003e-01
-2.959872403754228443e-01
-4.766965290517999332e-01
-4.856819937579810453e-01
-4.564343672255599671e-01
-4.433009722960398191e-01
-5.878743791732889967e-01
-5.846268454106214874e-01
-4.200826091205437374e-01
-3.393144949012585343e-01
-3.292765294995551595e-01
-7.863300317765103964e-01
-7.959865097189079419e-01
-4.463690614598773698e-01
-4.696894231870148984e-01
-4.971392472511235172e-01
-6.133011451296920269e-01
-5.937224043152690145e-01
-3.227713967082708191e-01
-3.864449849202694076e-01
-3.919733845749744372e-01
-3.553160175142586752e-01
-3.051896976048767973e-01
-4.594299617242068035e-01
