-4.213646709235771004e-01
-5.295899244949673346e-01
-4.935904513273593475e-01
-5.027744359541032049e-01
-3.656685422601833046e-01
-3.665173298025034554e-01
-4.309784941694989602e-01
-2.562759333416992358e-01
-4.484554711734193844e-01
-3.681989726478109293e-01
-4.935783866536033737e-01
-5.943356862947977159e-01
-4.119471922722028889e-01
-6.543062425567084395e-01
-4.615957691860728129e-01
-4.166607048912159827e-01
-5.764772289985241605e-01
-6.165443499931057003e-01
-4.050982955902557858e-01
-4.495920115789814320e-01
-4.397910935038552016e-01
-8.111972509893162764e-01
-7.290517627439814241e-01
-6.113110869288913563e-01
-5.590901499885980730e-01
-5.929634718603375987e-01
-5.960408311108915669e-01
-4.801954622741292367e-01
-3.808651609954707973e-01
-5.284924609503894866e-01
-3.292765294995551595e-01
-5.989138712946291410e-01
