-5.919109905731767540e-01
-8.751353002682418225e-01
-6.319496727135844871e-01
-5.935886675089545594e-01
-6.423931351466035666e-01
-4.982507883299947538e-01
-6.170653481403921559e-01
-5.675908527524825553e-01
-2.843117549965260560e-01
-1.597998852504635137e+00
-7.135013251544126689e-01
-5.823796544361806715e-01
-8.345061778551861043e-01
-6.700404531466043201e-01
-5.964326141155177341e-01
-9.217182525176176311e-01
-7.530079674498878495e-01
-5.873937170943126507e-01
-6.181136848085869717e-01
-5.907419157386417652e-01
-3.426296482182061287e-01
-6.022432544511477914e-01
-9.733075015221941406e-01
-7.127674362858518187e-01
-9.111958946770665202e-01
-6.234368371427015942e-01
-3.629915461944658861e-01
-1.344889750740225765e+00
-4.996447503007619972e-01
-7.448601418767217819e-01
-7.317392348128409774e-01
-6.111836119655469357e-01
-9.273716267859055673e-01
-7.193173433480903878e-01
-7.052159146956110680e-01
-6.927495722507445164e-01
-1.026548644257358589e+00
-4.891541219697417842e-01
-8.751658140825133714e-01
-9.928425694015423630e-01
-7.299387985367640219e-01
-6.885805196466294742e-01
-6.443861617434564204e-01
-6.136928781679150680e-01
-5.953947999666306945e-01
-6.678051386801758804e-01
-4.520658827445347971e-01
-6.845477367716096273e-01
-7.243030689315871351e-01
-6.148538674587352704e-01
-6.501879658893600089e-01
-1.699085086365051733e+00
-1.084073128603673775e+00
-6.899650276190422149e-01
-1.393031069915101172e+00
-6.966249014926202410e-01
-1.023682297128940100e+00
-8.089142941009715981e-01
-7.897649248806944966e-01
-9.521880699944998971e-01
-3.584069355399236989e-01
-8.429782252396549325e-01
-1.274474749884541014e+00
-5.392497136122561541e-01
-5.602355264755790598e-01
-5.695747534053230421e-01
-1.048843905167763602e+00
-4.422625594242963754e-01
-6.236320641741820436e-01
-3.206335750512774863e-01
-2.842993391082369037e-01
-4.118709436237582011e-01
-4.549611466775819735e-01
-1.118061140060934155e+00
-4.217736033100121795e-01
-7.664325574910492156e-01
-2.259901540013879995e+00
-4.614666177021430893e-01
-1.202023316135299114e+00
-1.000109464962888550e+00
-1.254722216988637618e+00
-4.217981078589597699e-01
-4.415445549762854749e-01
-7.403200941315422057e-01
-8.882343532949403819e-01
-8.347215634903408787e-01
-2.435230200130393818e-01
-3.442330070387384366e-01
-5.783212950926702733e-01
-5.289529625447177974e-01
-6.549825042748083082e-01
-7.784577624158885989e-01
-8.338390663633136191e-01
-5.359807576847352983e-01
-8.427376013280754030e-01
-8.878345423445138662e-01
-9.077449943233347751e-01
-1.770692590337861860e+00
-6.903155307687194320e-01
-4.852500608955735983e-01
-1.549415359627300370e+00
-5.055302571003958967e-01
-9.432032988922229855e-01
-7.879181099530945254e-01
-4.983019317757691469e-01
-7.592895441485064678e-01
-4.178937974356761731e-01
-1.009655055716713434e+00
-6.736208926797887520e-01
-1.253114035227465228e+00
-7.395680538191043984e-01
-6.361170236294400038e-01
-5.592166959155795425e-01
-4.226407064112407963e-01
-6.828920979377770539e-01
-2.644880293368806479e-01
-9.911140407297635013e-01
-1.394705403015711997e+00
-1.109467790477563165e+00
-7.668544230380943683e-01
-6.935277094046243818e-01
-1.077872972880947744e+00
-5.816447759948291107e-01
-1.710489854437873047e+00
-7.404791131921373282e-01
-8.023939718723077652e-01
-8.504538915782359210e-01
-1.786397418860816710e+00
-6.088212741512623039e-01
-6.373588415293012233e-01
-7.004671308593534151e-01
-1.205445730837978457e+00
-6.192956865816459100e-01
-1.297278806034736887e+00
-3.707583154881022303e-01
-7.497375366176534106e-01
-5.992504238400767624e-01
-5.378024437087685072e-01
-9.533014867592928265e-01
-4.997510539517822648e-01
-8.304198700760215823e-01
-7.632080107719277917e-01
-1.015631634164549935e+00
-4.491110232188701423e-01
-9.885188188931055553e-01
-6.569505641563830878e-01
-9.584953447840247609e-01
-3.952001801268522074e-01
-8.300646265875256669e-01
-5.539107550982103056e-01
-1.282156622605635121e+00
-5.219393144496207171e-01
-6.970345813592644379e-01
-6.529875501867253851e-01
-3.128608949101292502e-01
-1.111978355510361727e+00
-1.334313519563736783e+00
-5.646669190811824945e-01
-9.581046235472605588e-01
-8.034031064709266090e-01
-5.968329609210866193e-01
-7.212491235753681895e-01
-1.423475326212792602e+00
-7.018235411248592293e-01
-5.633027310857492420e-01
-3.528566087619605107e-01
-6.597746401620474543e-01
-5.068893215279627329e-01
-8.655659097525385537e-01
-6.191533779052010855e-01
-7.412093882111920884e-01
-1.100920924557873937e+00
-5.541940919767219809e-01
-7.534597969445240295e-01
-4.343213402403291457e-01
-1.307710640241800171e+00
-3.854021158629946653e-01
-1.122342875375228477e+00
-7.586775838189302457e-01
-1.232622318677943030e+00
-5.586466707684748512e-01
-7.999564914124673853e-01
-5.785956531316248652e-01
-4.916929980752362539e-01
-5.305137630595245790e-01
-3.591598557897170974e-01
-5.967925809203437071e-01
-8.754117032545224442e-01
-4.310335398247051031e-01
-4.041042856175419695e-01
-1.516554959309856176e+00
-9.436179319999536963e-01
-1.142966677081628912e+00
-7.310705426681176622e-01
-7.924900650825985604e-01
-8.581701042183442762e-01
-4.902835766782496774e-01
-5.761856477864485404e-01
-6.686561339690788586e-01
-5.968004987341782863e-01
-2.368920822175329677e-01
-8.783896026375246358e-01
-5.559084852299270851e-01
-7.857195773687877249e-01
-1.345073796396406562e+00
-4.718734544094045913e-01
-1.086674449558489908e+00
-4.298718914068622721e-01
-7.176647497662060893e-01
-1.022334531665282986e+00
-5.284644835845617727e-01
-4.336004240033744517e-01
-9.032162731745818629e-01
-3.430630177782382217e-01
-4.106616224582868568e-01
-6.898724581799858813e-01
-5.947703562080959294e-01
-1.304874392285197748e+00
-6.448966563716361788e-01
-3.464764347376588782e-01
-8.079534993758969996e-01
-9.114831413543711403e-01
-9.003942697336153600e-01
-7.214906680845339926e-01
-8.010332937121636965e-01
-3.680349634483144339e-01
-7.159895547718616582e-01
-8.602144257822980089e-01
-7.519157022121522038e-01
-7.269515616965023241e-01
-7.842949542790100814e-01
-8.314255097740783640e-01
-6.825815463292019825e-01
-8.083896238046709426e-01
-1.410939473598312954e+00
-8.522352675353291884e-01
-4.916088458452373411e-01
-4.159597748652547611e-01
-5.991173216184914052e-01
-5.875440031376862882e-01
-8.176411217414147892e-01
-8.189618943316668842e-01
-2.857269816554539044e-01
-8.833461169682539360e-01
-6.325514828221571184e-01
-2.696148306786423365e-01
-5.076296008775331714e-01
-2.055947721812151630e-01
-7.283497962738767484e-01
-6.385350210870819332e-01
-6.384788575114247466e-01
-8.066330368281726670e-01
-8.290109255638444807e-01
-3.118111202180853248e-01
-5.670713303789828297e-01
-2.706371759390938103e-01
-5.981095733519842250e-01
-4.527269776443946236e-01
-6.997455557177389984e-01
-6.001195455996068961e-01
-4.621807884569157920e-01
-5.467084002993775060e-01
-1.938065259049755129e+00
-7.194954396728738821e-01
-2.353950222289777905e+00
-6.142061901707408511e-01
-8.018535822024723814e-01
-7.831779494743893455e-01
-7.720777314524984725e-01
-1.014881705591790917e+00
-3.474773565108227324e-01
-5.943045641310293892e-01
-4.480235806564626388e-01
-4.021623025748578550e-01
-6.355451121448667529e-01
-6.637587032717008340e-01
-1.021313386042827620e+00
-1.284653578820903919e+00
-8.519191397002553456e-01
-4.709456139378276895e-01
-7.915267296790919893e-01
-1.979867918217591283e-01
-1.624238492872595918e+00
-3.898374040073037672e-01
-9.680070553059462179e-01
-5.798086008638108080e-01
-7.103052202891568800e-01
-2.916768291470415719e-01
-6.073165706014082010e-01
-8.509766178014185334e-01
-1.526085231679588983e+00
-6.757453059640217141e-01
-6.779660503853826015e-01
-6.774531159427289451e-01
-5.070656656252995331e-01
-6.780945683795915890e-01
-8.791222833293311778e-01
-8.141703381285282370e-01
-7.833896425763537952e-01
-4.284976485790084055e-01
-8.785492783616165591e-01
-5.796502411922107578e-01
-1.047159098688787093e+00
-7.360071070620693989e-01
-1.091329805537904596e+00
-7.403676865516151118e-01
-1.531855409895717335e+00
-3.938818342586744570e-01
-5.476577708106238340e-01
-8.198250896919510033e-01
-6.137428140839866764e-01
-9.220890706578646068e-01
-1.087181341961055203e+00
-4.361996203983256049e-01
-4.893212248545859011e-01
-9.206343414531799052e-01
-7.318365842070606586e-01
-6.434026966053146834e-01
-9.720809494468927170e-01
-8.628060706030993288e-01
-9.748054466404839635e-01
-7.811787421758816796e-01
-5.808430618771601717e-01
-9.145295567607695242e-01
-4.775290133571171158e-01
-4.486498348434057037e-01
-8.403740451740967510e-01
-9.712341783743303480e-01
-3.415906309022529452e-01
-4.572811005304933674e-01
-5.466831148044295485e-01
-1.399293167468047994e+00
-3.131871113426628050e-01
-7.404945536941972550e-01
-6.073910770556402161e-01
-6.346169781237198659e-01
-5.053861422000851533e-01
-7.614648876699153801e-01
-8.798445355597354078e-01
-1.112003590262573560e+00
-9.059857608644168447e-01
-1.531024998768276468e+00
-1.288811610132760022e+00
-6.740190679392559225e-01
-5.302610048867876236e-01
-4.889091807556758540e-01
-3.229377003705888871e-01
-4.642278208290852581e-01
-6.492128152806291297e-01
-5.362538581297324747e-01
-1.186388628950388879e+00
-4.846546130508950778e-01
-6.879664489684342854e-01
-5.224448516919112384e-01
-6.738068682829619904e-01
-1.466915189257849583e+00
-8.806992883919886328e-01
-7.943592369111801554e-01
-7.327705631687465582e-01
-6.539762217950464418e-01
-5.545131944704856375e-01
-1.116811201186692193e+00
-5.958018493157358764e-01
-5.468187136312091523e-01
-9.024183966215538755e-01
-9.279970416379204057e-01
-7.025184664636315857e-01
-4.955508202453059452e-01
-1.123717463669400951e+00
-1.043967582039355690e+00
-3.730864347655920010e-01
-4.924566347998913241e-01
-1.414853638131397640e+00
-4.064532073006378865e-01
-6.039944800465427699e-01
-4.103738993299479443e-01
-3.102941329749403510e-01
-9.575933846938857741e-01
-6.200412672109831824e-01
-3.757745948123018542e-01
-9.197421392776359284e-01
-8.178707176626124342e-01
-6.709770782361107466e-01
-9.236940794131520693e-01
-7.176054117855223957e-01
-4.075448217196667722e-01
-7.925295050382547002e-01
-4.765505908773429167e-01
-1.614959664397495054e+00
-5.127017064630861043e-01
-5.864167988682726929e-01
-2.990513581988398784e-01
-1.181747680566746839e+00
-3.784338600660123730e-01
-6.195415665444370390e-01
-6.743503221217294064e-01
-5.000196556691346439e-01
-4.606988444801466409e-01
-7.248742744531950777e-01
-4.981853353972319765e-01
-3.601494527249566868e-01
-6.622251826859971713e-01
-6.301064923829708952e-01
-1.147485067098883205e+00
-6.508385566120675758e-01
-8.951104192870120713e-01
-6.133235723574125275e-01
-9.439806675995270346e-01
-7.434405343988352843e-01
-3.325826001904841345e-01
-7.972607721530569069e-01
-1.085571203018531605e+00
-1.182458197524523191e+00
-3.940072287737419465e-01
-7.052368509566289134e-01
-1.536021553905734915e+00
-7.381187151485362197e-01
-6.170619133156275415e-01
-6.909832153611036309e-01
-9.467243136362998301e-01
-5.679969942036644515e-01
-5.119868083618140941e-01
-9.375308300948835827e-01
-6.084319244440485885e-01
-1.093409102249561338e+00
-5.622051519498980632e-01
-9.828924533608141001e-01
-5.090919947681082913e-01
-7.702648448422912963e-01
-7.306496455927578015e-01
-6.491808840920386681e-01
-5.636524603265180566e-01
-7.158385212724314162e-01
-7.483558741557139182e-01
-7.910776219450493807e-01
-8.441795266631841876e-01
-8.721575809563764103e-01
-1.011607599720541817e+00
-5.007812505944142512e-01
-4.820059932778107403e-01
-6.612540031297230447e-01
-1.170411329199983586e+00
-7.478871523622107054e-01
-3.661363545610062387e-01
-4.644649885846562354e-01
-1.037952457477117951e+00
-6.642262371209947114e-01
-6.504875036387455234e-01
-8.162264124070027771e-01
-5.637764906747437799e-01
-1.041975735023439986e+00
-6.328745193145560721e-01
-3.385648052914782546e-01
-6.605857441101854466e-01
-4.588827732902945322e-01
-3.024339202955917960e-01
-7.041413930459505810e-01
-7.012529395202435900e-01
-6.805433486809845389e-01
-7.819336491037359727e-01
-5.756486890140223300e-01
-1.806033991892433133e-01
-8.503284746170828301e-01
-6.798912925030851095e-01
-3.377915063912864113e-01
-1.100306170009447415e+00
-7.421403614510804214e-01
-8.640858628490271087e-01
-1.212100043744276379e+00
-1.091694055404314412e+00
-1.133707239276680934e+00
-4.690968178748845530e-01
-8.518202194652015891e-01
-7.798138010146764554e-01
-6.992048323913141461e-01
-6.198128473132423766e-01
-4.357992540759753619e-01
-7.624725495169818457e-01
-6.538648779509342868e-01
-9.666202185921245471e-01
-4.500913016543580114e-01
-8.627823130382390460e-01
-6.972872674161043616e-01
-9.356167128621869500e-01
-4.952539202930410500e-01
-1.082626768930219807e+00
-8.549305383544502090e-01
-7.433333260593141256e-01
-9.529659540975716769e-01
-6.967148137505644323e-01
-1.248169251728962648e+00
-7.504389817016304809e-01
-8.562522247146610033e-01
-6.471727117102477056e-01
-8.105115839836231073e-01
-9.178982740871562962e-01
-1.047205039968137408e+00
-7.348052586211737403e-01
-6.482334040747623760e-01
-8.650365061919795817e-01
-5.351869694046785808e-01
-1.109555785234789260e+00
-3.283544108131516204e+00
-6.421109578023120878e-01
-6.607954608742538927e-01
-5.988273287547175583e-01
-6.219290493178297741e-01
-3.113721428351707288e-01
-6.724291064155262232e-01
-5.571640768189513038e-01
-6.085335820936208506e-01
-4.407208843185117519e-01
-9.231559401654563235e-01
-4.613310194948735954e-01
-7.348493905091615375e-01
-1.093508028315727687e+00
-6.841065816531277655e-01
-1.012662842447549894e+00
-6.919546009477419712e-01
-9.148872877822237237e-01
-7.749487423761765026e-01
-7.760961234352453664e-01
-3.673598736190555880e-01
-5.987241121133746180e-01
-9.105017917389418569e-01
-1.311500135546657342e+00
-4.383438852409876074e-01
-3.579913249309622514e-01
-6.941770067232422292e-01
-4.401950436559680657e-01
-7.300327415823071320e-01
-8.125783316762805741e-01
-6.394384442189676721e-01
-5.535669107762941632e-01
-1.449939073717202875e+00
-3.556861699136419364e-01
-1.063632013102861373e+00
-7.629653493032106937e-01
-5.234529918355984579e-01
-5.903654824418416158e-01
-5.162095392022901796e-01
-8.410547165139845571e-01
-6.894407491893755902e-01
-7.672182417979981350e-01
-1.044614343772161336e+00
-6.738900768722559942e-01
-6.798662286846995917e-01
-9.274516909957044586e-01
-4.495934524440397539e-01
-1.008363443475349897e+00
-7.758483736799496322e-01
-7.633185774399640078e-01
-4.975335954141473227e-01
-7.233528029375312363e-01
-1.137525903029185104e+00
-1.729915353923410670e+00
-9.238800094919101813e-01
-7.193759974563582738e-01
-1.244698721917741002e+00
-4.094563734169204272e-01
-4.849277013499234679e-01
-6.465692010087874531e-01
-7.446256299232401066e-01
-1.035114858598527476e+00
-7.451009352575833633e-01
-1.126303152972939259e+00
-7.576764346485785895e-01
-4.696138007933146064e-01
-8.653950426482269753e-01
-8.867910657915565320e-01
-7.369657812051521040e-01
-9.549948932497102083e-01
-4.789336604038149092e-01
-8.588881076956257354e-01
-7.429329697797389942e-01
-5.199432529963052829e-01
-5.918365327973607037e-01
-4.737901706338567553e-01
-8.790014535583274835e-01
-8.084929943676786301e-01
-8.018104162228771870e-01
-4.640023724970135932e-01
-5.352643885062698947e-01
-1.063895153103934899e+00
-7.080391770390244144e-01
-8.549962503348620402e-01
-4.573408726248020528e-01
-4.995541000253905239e-01
-1.053698937094523336e+00
-4.163958523955334501e-01
-5.059538886299811411e-01
-9.866709868822430840e-01
-5.072456259527601263e-01
-4.854513097805165378e-01
-7.092287591414641046e-01
-3.966109747444933609e-01
-7.523715446945902219e-01
-3.284987460352192801e-01
-1.191128635000836100e+00
-4.566824932754887101e-01
-7.189312016450085663e-01
-5.901207852580696578e-01
-3.000427465027139529e-01
-4.788297112561754054e-01
-2.745977551257683391e-01
-4.222387629065092463e-01
-5.490612519959118254e-01
-8.432771232523312843e-01
-1.139503741940707027e+00
-5.739971168430691995e-01
-1.019407582450553074e+00
-7.474534159149314183e-01
-6.692422158413502409e-01
-3.723195085481553757e-01
-6.856372280312810208e-01
-8.552961527215530158e-01
-1.150545479342435229e+00
-6.334167816134327333e-01
-5.056021455449573043e-01
-5.596455931193601296e-01
-1.175890638486096540e+00
-4.232955610750767095e-01
-5.028715321238653724e-01
-7.203080236453386354e-01
-5.144094430207506452e-01
-8.545348842338846840e-01
-1.658344543065310095e+00
-4.973252986810028364e-01
-7.956753298440369937e-01
-7.975766047132428760e-01
-8.870505678430468111e-01
-1.022153384544636889e+00
-6.467983231098196617e-01
-7.251743399871747320e-01
-9.281045263761898978e-01
-7.685162506864693377e-01
-1.043313660818972810e+00
-7.464733071671807441e-01
-7.061591384457701626e-01
-6.903759852501915040e-01
-5.216685385079627979e-01
-9.426254411537079436e-01
-4.264798607627016680e-01
-6.574472885018315393e-01
-7.424606350555336132e-01
-7.716713552353663408e-01
-7.369588684881606122e-01
-9.365571226345181799e-01
-7.392509663040728318e-01
-7.167029917705006747e-01
-6.574512905819027697e-01
-8.674698486648124707e-01
-8.831956038285724286e-01
-5.963363522650192428e-01
-7.430588043871176884e-01
-6.325938180773247321e-01
-2.675118970028028453e+00
-1.059468110751923486e+00
-5.322267015406303425e-01
-8.879444095619762889e-01
-6.961653887998908719e-01
-1.219914915869730221e+00
-8.544154817851691286e-01
-9.551054376152340319e-01
-7.211913446159652352e-01
-3.052788347671114288e-01
-6.132467684027629318e-01
-9.349367607529949220e-01
-4.198493996146736573e-01
-7.599675883447900571e-01
-8.348964257713638037e-01
-2.328892063955852465e-01
-1.113068151146220375e+00
-6.535270163240803898e-01
-1.102770834150873958e+00
-4.627937521284961608e-01
-7.634351556135873240e-01
-6.325034701448184471e-01
-5.272607128157621448e-01
-6.695700995804662048e-01
-7.356412594209893463e-01
-5.454066192415994996e-01
-7.679145739205951449e-01
-4.368108534353126737e-01
-6.576523303600877446e-01
-7.485999328951273846e-01
-5.210190697049946751e-01
-4.358747143649766564e-01
-8.391920215136821071e-01
-1.072651633099728663e+00
-2.490181553707659923e-01
-7.714024558818540767e-01
-6.942011255017698224e-01
-5.415813803637575807e-01
-3.659296819022811453e-01
-1.023134629130301398e+00
-7.769910330767265672e-01
-7.657678216870271726e-01
-5.317010784709612636e-01
-5.168175163928840909e-01
-7.367032498231687043e-01
-6.780874504070159015e-01
-5.465222784221469565e-01
-8.461326953087020541e-01
-5.964190554468284944e-01
-6.022566919375458294e-01
-6.341358103238692312e-01
-7.147406688896531524e-01
-1.111788390357979717e+00
-5.618223568950775348e-01
-7.471434727006812659e-01
-7.470561930345154256e-01
-9.085145610410958472e-01
-7.193137605537459622e-01
-3.663691760318336654e-01
-8.827177305064733970e-01
-3.576232365254810031e-01
-5.478266005405473260e-01
-5.555080440246170648e-01
-5.489390641858481468e-01
-5.274492513385810044e-01
-6.811782727142347005e-01
-7.299131862463447140e-01
-6.389611833825223908e-01
-1.381488079545989400e+00
-7.898238546227993595e-01
-6.309830426126442626e-01
-8.121943220354995718e-01
-1.113639881486066407e+00
-5.454191485084003421e-01
-6.370294161193408300e-01
-5.942473425617882388e-01
-4.543999164851866834e-01
-1.559626307900826792e+00
-7.185059560964097702e-01
-6.701543895260902994e-01
-7.356563794951335167e-01
-6.400258345084399725e-01
-6.002095458926538507e-01
-5.970051135158133127e-01
-5.563582747086646130e-01
-8.302314528034345775e-01
-5.341248285306193777e-01
-3.990322021331998981e-01
-7.379876699251533001e-01
-1.189255731021890528e+00
-5.163935992839187028e-01
-3.663493876794715609e-01
-1.168662552264380317e+00
-4.466514488986444431e-01
-9.770881448485864151e-01
-7.777422353384897402e-01
-8.276279655360901932e-01
-1.214552244618831933e+00
-5.756214937628005845e-01
-2.889876746037728372e-01
-4.981095717544142265e-01
-6.767987786635658587e-01
-6.938654310536839231e-01
-1.072450836411000141e+00
-4.496507257349073305e-01
-2.919752064350303877e-01
-4.804777041835869844e-01
-4.902977752422989499e-01
-4.843384508892339957e-01
-1.019931563232292948e+00
-4.708408035645822998e-01
-8.996662490191162931e-01
-6.462514016162086428e-01
-4.204714900492538820e-01
-6.436070168455958473e-01
-7.582826839571283895e-01
-9.381889563038278146e-01
-7.182187469072919273e-01
-3.933842920309390534e-01
-7.572744212832305255e-01
-9.504130170231609442e-01
-5.589568793463421947e-01
-8.620566584123603437e-01
-4.265665342332446985e-01
-3.951309409193093924e-01
-6.140647358024193814e-01
-3.791938170711566247e-01
-1.031771722094177335e+00
-7.468189691135732611e-01
-6.150589632764336123e-01
-6.866501153861171991e-01
-6.385670479059548654e-01
-1.081905361633745954e+00
-1.298620917595117552e+00
-9.697577267854959882e-01
-6.278769805214670097e-01
-2.976261052153393871e-01
-8.709888314563735134e-01
-6.125815065385870062e-01
-1.131000217206818759e+00
-6.877632583494164287e-01
-6.125988572501549490e-01
-7.663030707465150471e-01
-6.001488958875712543e-01
-6.303044482122144299e-01
-5.053836757480423270e-01
-1.171544791784119743e+00
-9.779456296488162614e-01
-6.540937501651825636e-01
-6.310960196399726385e-01
-7.767964934220529249e-01
-7.559145338510080414e-01
-1.277971429201345321e+00
-5.687009874353641248e-01
-9.729890711905387901e-01
-7.872497220933065698e-01
-2.499025110396687899e-01
-5.709902403028622730e-01
-5.729674533750683807e-01
-8.457397826335325552e-01
-7.383371301160623901e-01
-6.665160600446744521e-01
-8.804933951557629701e-01
-1.590022205282736856e+00
-6.359071156484199516e-01
-7.869096693749195737e-01
-6.425546632329294239e-01
-1.507707742349134294e+00
-3.547167839568862724e-01
-6.128368421394480015e-01
-4.268358553406876865e-01
-9.365787899954874929e-01
-9.812352019160134331e-01
-8.886391855742841184e-01
-1.726537245509693452e+00
-8.343783136435741765e-01
-5.206922018199893198e-01
-5.315588472709391610e-01
-1.161911010644100628e+00
-6.334993326374580569e-01
-1.162626406741810836e+00
-8.090413467775813272e-01
-7.988029947545631781e-01
-8.703494985501679659e-01
-6.084466096282700187e-01
-3.126190615903672310e-01
-4.807293515624323499e-01
-6.305336968288558497e-01
-5.073613676543416995e-01
-3.950073933390399472e-01
-7.067416841074456446e-01
-5.130290592572758213e-01
-9.565944697273561781e-01
-7.290505314361627187e-01
-1.093381199127632986e+00
-6.550067487931530152e-01
-3.907863798684601542e-01
-3.481013713821836664e-01
-6.526003694958214529e-01
-2.705141973858860016e-01
-9.326133978357129539e-01
-7.046491563029444460e-01
-1.343194793567761058e+00
-4.666859429880217958e-01
-1.050932664155733498e+00
-4.251696292801625532e-01
-6.297332540067904771e-01
-4.902569349413123390e-01
-4.938425480814045421e-01
-1.203654141186371485e+00
-5.949259869257319533e-01
-1.275204098206549785e+00
-9.180148687866910295e-01
-8.516774947305822963e-01
-6.202351620172811275e-01
-1.099576411168545098e+00
-3.610967433194162135e-01
-5.637934575174795571e-01
-1.277133916967865046e+00
-7.158125827642227712e-01
-3.812468329236878284e-01
-9.100648872994190342e-01
-5.995085728135136627e-01
-2.183833798055794251e+00
-6.312960032260657162e-01
-8.433990670976138082e-01
-1.050005431672409895e+00
-4.578684348886737365e-01
-9.512258771587208672e-01
-5.685591594379293401e-01
-4.492574036317063535e-01
-6.701467011725096290e-01
-1.084727242141806602e+00
-3.125027716014596169e-01
-5.270655257862284504e-01
-7.269776756530780260e-01
-6.826879971774891809e-01
-7.802456598727456338e-01
-5.957351603807669038e-01
-4.709110186783133090e-01
-3.802933363719501747e-01
-4.232487474369981406e-01
-6.584576399831919558e-01
-8.249703464034717770e-01
-7.290316872297492035e-01
-7.631193740935268144e-01
-8.816389551344102626e-01
-6.327978936842938440e-01
-6.017602660756978805e-01
-6.370304349395700116e-01
-8.704930841127777041e-01
-8.008877893973530560e-01
-7.199209477044463679e-01
-9.248820897680504194e-01
-2.600794038643219341e-01
-7.996233841553316291e-01
-1.007000539824844054e+00
-1.496636559345538853e+00
-2.730497654213182024e-01
-5.955521345664478439e-01
-1.068633592120727949e+00
-7.524889862332708734e-01
-8.423824274204119167e-01
-4.657483837064966270e-01
-7.688468555065376409e-01
-7.472994748916773622e-01
-7.037160744969548354e-01
-2.514521200298034387e-01
-6.875478371558653157e-01
-6.192053816838183344e-01
-1.857540260071028682e+00
-3.941239394013689723e-01
-5.586433332126153894e-01
-3.594837367526069194e-01
-1.021459723052533519e+00
-5.025843937674484563e-01
-8.399472339184008707e-01
-6.863389054145642154e-01
-8.275687422627602263e-01
-6.549668879033339053e-01
-2.642623488919533248e-01
-6.608423726698176015e-01
-6.451621633786829291e-01
-2.522290201740917115e-01
-6.389091519431890909e-01
-8.096595960648593771e-01
-4.352193512322092839e-01
-8.599197946789756131e-01
-9.539544178932872764e-01
-6.757527094945522395e-01
-8.004491703147350590e-01
-5.222199622407791564e-01
-6.471823123609552475e-01
-5.297050932144733437e-01
-7.408937342401589188e-01
-4.590174200085946898e-01
-5.077698352401973647e-01
-7.655623740692133472e-01
-5.288352461171921259e-01
-5.596610877446168697e-01
-6.187279105060473627e-01
-1.579551987844682648e+00
-5.843990700603406419e-01
-5.945326332422099513e-01
-5.463413069914412334e-01
-1.718641837430319619e+00
-6.656297806487254665e-01
-3.246496079985813910e-01
-6.588360610386715388e-01
-5.688797475121906144e-01
-9.389514864163124308e-01
-9.569578717232809506e-01
-6.623084510928051172e-01
-6.261159387976470425e-01
-8.035494821822242173e-01
-9.282025081271692013e-01
-1.417503906756270693e+00
-7.499312529952919526e-01
-9.889922323511567415e-01
-4.551606059635475710e-01
-7.172531185169187529e-01
-6.458088635845239400e-01
-7.863382725378162963e-01
-6.924976269203492185e-01
-5.914128213686292712e-01
-5.799044095370867735e-01
-5.323191108024878382e-01
-7.640415999218878040e-01
-4.128300126707440953e-01
-9.832036641540639055e-01
-3.897285682799496165e-01
-7.583215805986103231e-01
-9.326576875403856937e-01
-7.529199510453693511e-01
-2.460164073164549770e+00
-1.263855337677596280e+00
-5.604911427426678694e-01
-4.959598646778763942e-01
-7.690245917499678452e-01
-5.745790938967046957e-01
-4.445265366472196944e-01
-7.078345181694450927e-01
-1.040428348698750893e+00
-6.529422265496064304e-01
-1.578880942807057819e+00
-6.938457306649273848e-01
-9.002540266979124350e-01
-7.267779434901154856e-01
-5.718450197774767041e-01
-5.461846456784139603e-01
-1.524139246499348177e+00
-8.315112814351691695e-01
-7.505372932604484904e-01
-6.597178928977981416e-01
-8.196966202794571110e-01
-8.445617103683888960e-01
-2.259580554087571969e+00
-5.851511636095957369e-01
-6.995333070516601692e-01
-3.889606169182624473e-01
-5.367492966409390664e-01
-7.990000929267557783e-01
-7.674051990143498925e-01
-6.124570725736022681e-01
-5.150238971786986752e-01
-8.261235921475145183e-01
-3.824337150215301184e-01
-7.854312201490523115e-01
-7.325098605610018687e-01
-6.758889629282454070e-01
-6.738439272712243300e-01
-5.761834768844528165e-01
-1.569626945446746191e+00
-9.395403008976268566e-01
-7.065113399091624835e-01
-6.628343320308204278e-01
-8.361916842591204935e-01
-5.757584806375423137e-01
-6.319481978479100093e-01
-8.886146228532912916e-01
-5.700438792696072010e-01
-7.622658296816743340e-01
-5.509697838033391637e-01
-5.210219790319212674e-01
-1.255842797832857238e+00
-9.554732596887430818e-01
-2.801163261239965063e-01
-6.141817052182225734e-01
-4.521128930528402479e-01
-6.132146745762453444e-01
-1.001835038889449025e+00
-6.102373534482916639e-01
-5.829160469746623718e-01
-1.246434941966513499e+00
-8.183904457254563836e-01
-4.847574801939993905e-01
-1.282652409776491975e+00
-1.052278690543404727e+00
-5.892318367199752549e-01
-6.494423799123444363e-01
-6.258594846843974491e-01
-2.992386352604896049e-01
-5.890906168020788591e-01
-5.032474160824353948e-01
-4.916290083133991740e-01
-1.031374199721935225e+00
-1.063871485700362829e+00
-8.203444918528806085e-01
-6.820806775065736405e-01
-1.285584676884458766e+00
-2.214361136764874949e-01
-4.971561510078169044e-01
-9.202292461374218524e-01
-1.127460556550826887e+00
-6.228704978149901539e-01
-7.853811934215487733e-01
-8.933908015685400050e-01
-1.089093026139267062e+00
-8.193649181922759706e-01
-6.503924057788869062e-01
-7.193491022017798331e-01
-1.059443459601394411e+00
-1.422651235991512442e+00
-1.813808881046365729e+00
-1.132113298704664262e+00
-2.987949772481993116e-01
-1.094986005902567561e+00
-1.122221588633885103e+00
-5.334049252365401506e-01
-4.691736371583992704e-01
-3.453429678568446515e-01
-6.436641315352954473e-01
-3.787529510934204424e-01
-6.058753066547375443e-01
-2.869749537686356877e-01
-1.296775657671377813e+00
-5.265891620395013462e-01
-3.812317454533731276e-01
-7.269012637899083806e-01
-8.150070890529137468e-01
-5.606608823685418352e-01
-8.464026741207106852e-01
-8.349797224308934673e-01
-8.425253129883345515e-01
-4.834058863849628462e-01
-4.915344689028388059e-01
-1.127348806915845492e+00
-9.367473367225492842e-01
-7.245856281207110339e-01
-9.649778400944790668e-01
-4.638010959882946649e-01
-2.591652770245433057e+00
-6.093075992092966686e-01
-6.052028824895420156e-01
-8.181900620480504482e-01
-5.316571449100069291e-01
-9.364277307494660585e-01
-1.040912854543700083e+00
-1.052178178944050968e+00
-6.893056896479810014e-01
-6.168956912261125414e-01
-1.241106925253530946e+00
-6.962373083142209262e-01
-8.679126958457863417e-01
-4.455655987487262548e-01
-1.252660971825316771e+00
-8.051725578618150747e-01
-7.369922322539963488e-01
-4.570701091604392197e-01
-3.446941162586231733e-01
-4.368857367325683638e-01
-6.798738071846625042e-01
-4.941848433742419555e-01
-3.607152605123238320e-01
-7.519742585035000815e-01
-4.687563227844805946e-01
-6.482956147785512435e-01
-6.405693864532732151e-01
-3.215158301981599909e-01
-3.763219808585893666e-01
-5.419218006160304579e-01
-1.223482182345262181e+00
-7.393331548557082744e-01
-8.504368625059507414e-01
-8.022582545322424208e-01
-7.806332129031572364e-01
-5.905305176216194551e-01
-6.519574783127939366e-01
-6.064190245045895100e-01
-5.866086476222354129e-01
-1.098686520956025037e+00
-1.147311485900631478e+00
-1.205874236610459116e+00
-7.586084898796301434e-01
-8.536053509740009204e-01
-8.809927639071118977e-01
-5.365547916725976751e-01
-1.997505416729819849e+00
-7.890684743474787322e-01
-1.148137332563000212e+00
-6.649845839904012790e-01
-1.138862658131523542e+00
-8.765274549068018395e-01
-8.002588185723080727e-01
-1.376597564222687087e+00
-3.646425434934469356e-01
-6.446230684479339335e-01
-9.484353994466220295e-01
-9.047372795573062065e-01
-6.082360124225453246e-01
-4.622010222792636291e-01
-8.755679892730916514e-01
-6.847489443657037711e-01
-6.211931649276827283e-01
-5.789638115985223932e-01
-1.119427713321297313e+00
-5.657056652691347942e-01
-7.663266454122646953e-01
-6.293986600760399508e-01
-8.508653435147922606e-01
-8.262304257074630787e-01
-9.887698723224792596e-01
-1.330911472423199182e+00
-8.292150631367148916e-01
-5.611729588906660959e-01
-8.244488291088740706e-01
-8.958794322498143670e-01
-1.021395438492313179e+00
-7.860339561442165612e-01
-6.193038096589644770e-01
-6.992881791734054664e-01
-6.869703127443017587e-01
-1.439907545366729158e+00
-4.170241769880301819e-01
-5.992436298368190029e-01
-1.164379861124368531e+00
-4.206566693186262751e-01
-1.124823718027647912e+00
-9.055025252187816065e-01
-4.757301603320567840e-01
-5.721346676597977021e-01
-5.714830463084479284e-01
-5.562507669563756529e-01
-1.445694057768825758e+00
-3.528543712166569701e-01
-8.660529817882488546e-01
-1.243565261240445086e+00
-8.708088419917093814e-01
-1.070002523427364682e+00
-5.447932305548680576e-01
-7.818736532626232583e-01
-4.217079589235053771e-01
-8.498786590694317189e-01
-5.353680402616535217e-01
-1.060554728051136930e+00
-8.689554370144557671e-01
-8.699068537225791431e-01
-9.953637194371027785e-01
-8.823388144219930229e-01
-7.503689430132447491e-01
-4.225658529708690159e-01
-5.096645223710535300e-01
-8.685861817032007881e-01
-7.220029618194820920e-01
-5.915243663009285280e-01
-1.025302053751543818e+00
-9.076833233418100111e-01
-1.050318819968626860e+00
-4.025663740889021680e-01
-7.246192581328575466e-01
-4.074959442310161495e-01
-7.841523716374017017e-01
-7.059117552929912165e-01
-7.874339548775930453e-01
-1.196031257727122377e+00
-7.098633714646545023e-01
-3.436139222154933615e-01
-7.179017087510876083e-01
-1.700608524391382215e+00
-5.400241239781690128e-01
-1.404593387420468131e+00
-7.874502775172380620e-01
-7.773219241746804897e-01
-1.075479426552958806e+00
-5.810748044218750907e-01
-9.508343488530688337e-01
-6.645414197917020038e-01
-4.766787084571189048e-01
-7.771592088144664290e-01
-5.371365278659867570e-01
-9.996517496887546983e-01
-8.674205893666248057e-01
-9.835470325616932907e-01
-7.311483518413195437e-01
-7.055436249778941349e-01
-5.218557165871311465e-01
-9.246299288734632915e-01
-6.291385808979138572e-01
-8.706984791512074606e-01
-5.213564733813779162e-01
-4.491263744489166765e-01
-9.416251370735717607e-01
-9.561389347056719057e-01
-7.221346118545705073e-01
-6.547823445672188436e-01
-8.769116114436794618e-01
-7.933257761262725305e-01
-1.245916755699309153e+00
-2.756458503248523373e-01
-8.434446145795924110e-01
-8.579518481516126283e-01
-5.382283772224500940e-01
-7.456234604384029963e-01
-3.957391298333202134e-01
-1.518109430482825317e+00
-6.004908534730235559e-01
-5.599124456515629511e-01
-3.797281076007476552e-01
-7.873436388625512095e-01
-4.913057997977298696e-01
-6.749431086129311641e-01
-5.895718141568051518e-01
-5.103247371502729335e-01
-5.152665058610306215e-01
-3.548527653058012321e-01
-5.440572901426402597e-01
-6.741839960740648729e-01
-6.322200045031328708e-01
-3.254731883401992820e-01
-8.465872673401463322e-01
-3.275537469678229674e-01
-7.820099019665754936e-01
-6.240313460800304135e-01
-2.482640576388052800e+00
-8.310260964554159191e-01
-8.784404317854941358e-01
-8.349860942656868179e-01
-7.482050438553444760e-01
-1.023410561154864062e+00
-7.037528192118469583e-01
-6.049269676085915481e-01
-7.361324591912646875e-01
-7.163115031272014877e-01
-4.125375905757330264e-01
-7.264759453175988480e-01
-5.417295118686902278e-01
-5.797675726058623136e-01
-5.337510005141652414e-01
-2.806216087023117645e+00
-8.058124254459223534e-01
-3.271614205640356876e-01
-7.013955008242755973e-01
-3.552922851738360421e-01
-7.936197821538438779e-01
-7.982306611634456539e-01
-6.495608213057065816e-01
-3.453104736946602804e-01
-4.745876973198794868e-01
-1.010570454593880507e+00
-2.586613801864616757e-01
-1.351862956913620017e+00
-7.261296095678029250e-01
-5.497156811469137150e-01
-4.400376253836862372e-01
-5.384941021772896574e-01
-2.812007837592780946e-01
-1.292928709004361076e+00
-1.019473928401820162e+00
-1.361821078589838585e+00
-7.481797881668144079e-01
-1.008051268680910884e+00
-2.122893753392315896e-01
-8.058279480991362709e-01
-9.132427167882579688e-01
-5.311307061545246233e-01
-4.816452972262715293e-01
-5.375598274839442636e-01
-5.925117690418815197e-01
-1.157177382960390410e+00
-7.171632211237518595e-01
-4.937250526197175526e-01
-3.822688768794003100e-01
-6.962100552695401623e-01
-5.433905615493064278e-01
-6.920970192190972758e-01
-8.766288797422703283e-01
-1.017542082294681016e+00
-3.388470019579040704e-01
-9.066524518228014085e-01
-8.062805883463577405e-01
-3.172522297479150044e-01
-4.734705081864629683e-01
-1.319986010527546050e+00
-5.214031053542528271e-01
-1.295477275961527397e+00
-5.797383798395382426e-01
-1.252410441707801025e+00
-8.838633826168237340e-01
-8.851511268657110687e-01
-5.003077695822306659e-01
-8.392193818927436988e-01
-4.902836034266657705e-01
-7.347415768153102711e-01
-9.624358712404047500e-01
-1.390771029471209230e+00
-5.916905907863244662e-01
-5.583769770138976574e-01
-6.567797679279726575e-01
-7.197554904990109970e-01
-4.109178647225663061e-01
-6.309518225061629959e-01
-9.393753774017007396e-01
-6.095407301167070635e-01
-5.268695317938224543e-01
-6.320666912913545099e-01
-6.589651684132146192e-01
-5.709444581454122813e-01
-8.452215875356742236e-01
-8.277467871105683717e-01
-6.866241966822910214e-01
-7.005110421870256454e-01
-5.355326905886251820e-01
-8.594665701951127446e-01
-7.328945011698690948e-01
-1.846017575158774182e+00
-5.168922604969947709e-01
-4.370737092941606172e-01
-7.525875457575665894e-01
-4.923497540636497805e-01
-5.977957427191405992e-01
-7.680299337310368957e-01
-7.724828709632280965e-01
-6.777562953627420672e-01
-8.363005091660652424e-01
-4.935223602389951503e-01
-8.143404013431927435e-01
-3.771775753718283886e-01
-4.804992762840232801e-01
-1.256118832671020202e+00
-6.388388621771202702e-01
-9.269456316232241866e-01
-8.093009250117204623e-01
-9.803886876521387128e-01
-3.179098392160195630e-01
-6.061222397807999318e-01
-6.239210314174918892e-01
-9.579663240241639288e-01
-5.525862411777744398e-01
-3.992029698016768546e-01
-4.333764317715808057e-01
-4.183133948216936626e-01
-5.078164550341315309e-01
-4.120389626110261272e-01
-4.137060919002947812e-01
-6.290960807014970291e-01
-5.710235262905543063e-01
-7.970852563649027944e-01
-3.613417766528503883e-01
-6.362579970535306995e-01
-8.666919889254761644e-01
-1.108882588717261530e+00
-1.039868476317557855e+00
-5.446978432296719630e-01
-7.385203891859749570e-01
-6.658602699075285569e-01
-9.303250185052999166e-01
-4.613491142662123901e-01
-6.931166081555165670e-01
-7.467682291774320191e-01
-7.157900245136822326e-01
-5.149977921478925413e-01
-5.639584543195661492e-01
-1.100874579896548910e+00
-6.611313237234113238e-01
-8.668361091172338551e-01
-9.340742940563577790e-01
-7.763991245647819950e-01
-4.717060224880386676e-01
-1.247254327419695885e+00
-1.001097118289485222e+00
-6.502507514759050533e-01
-5.252247870030293253e-01
-5.650300865207893430e-01
-3.314495468486944318e-01
-3.930206096860775489e-01
-9.401063631874483351e-01
-7.969978644501906073e-01
-5.683003643628892210e-01
-9.656347931957779407e-01
-3.817094192466535252e-01
-6.022491422220482837e-01
-4.966050355536203442e-01
-8.692277687032738953e-01
-9.645850287477695240e-01
-3.233836559309390957e-01
-5.750232598285868191e-01
-8.053979268266333591e-01
-8.108931274666921762e-01
-5.354483359574258028e-01
-6.401357221858309243e-01
-9.192521282026316909e-01
-5.767091861128846864e-01
-7.214682848988139829e-01
-5.757507775394509197e-01
-6.471773672725241733e-01
-7.191716521156217290e-01
-6.862377263771718416e-01
-3.799625805095943054e-01
-7.299412812463327294e-01
-7.019488870708628925e-01
-5.417572787469656648e-01
-6.497406422589818709e-01
-7.202843730701247171e-01
-1.429219351192630549e+00
-8.338332715041004706e-01
-9.046433166569657347e-01
-9.125701003790709365e-01
-6.811903418445311997e-01
-8.540025418926734391e-01
-9.639558431229082736e-01
-4.504644427982173460e-01
-7.011710747265947896e-01
-1.335574264233173825e+00
-5.116010123594274539e-01
-8.784886420594325562e-01
-1.111987600591322067e+00
-9.363747930528415475e-01
-5.454383241419564765e-01
-6.698128079591977313e-01
-1.421362838085144631e+00
-3.926562434168237026e-01
-1.001646214393387080e+00
-8.914908127059145704e-01
-8.792798755345555550e-01
-9.936591287407047224e-01
-6.321258851399566003e-01
-6.807919436165398297e-01
-9.235083407397826072e-01
-6.376199101173330996e-01
-1.412370042544109250e+00
-6.799373111192160701e-01
-8.514721727890499636e-01
-1.193719150553874453e+00
-5.800052016352243989e-01
-4.614291852696876250e-01
-7.970214869270669800e-01
-1.547724205051533630e+00
-4.269615318212904298e-01
-9.233076096869691218e-01
-8.617658334799983555e-01
-8.076453698878102161e-01
-1.078293138208658908e+00
-5.797818893137431928e-01
-3.357736998923252503e-01
-4.615375152503898293e-01
-1.162151236082504591e+00
-9.753162412031783912e-01
-5.492481290208477418e-01
-3.422706378960083673e-01
-5.725557312897502360e-01
-9.731645728266040685e-01
-4.009522137705772704e-01
-5.384975622376106941e-01
-9.079538181775893557e-01
-6.284582041737570846e-01
-1.176462240976155815e+00
-9.133868133720617344e-01
-1.184663216038206679e+00
-7.964493219584826145e-01
-7.566156041266693943e-01
-2.939650729954684794e-01
-5.406498287145521386e-01
-8.681660033327487369e-01
-7.255031671464362564e-01
-1.174572376935346885e+00
-9.011604754320526878e-01
-7.024570545258428389e-01
-8.073463649391765529e-01
-1.669026498510545187e+00
-1.005320495456086594e+00
-6.140186334188286743e-01
-4.760726149970803678e-01
-9.308712010899534706e-01
-8.008609279034001327e-01
-6.952856276399240754e-01
-6.822923300629917254e-01
-7.091022155113322345e-01
-6.350763719474040725e-01
-1.002102703211040780e+00
-7.238268598250819919e-01
-6.223119356558493021e-01
-7.781918833553245207e-01
-5.058115371659777093e-01
-4.455739927815167145e-01
-4.941694729878171599e-01
-5.558685897596243874e-01
-6.829878259083734804e-01
-6.615527421660735152e-01
-3.458358310362967258e-01
-1.743571924339103185e-01
-1.101441795910227395e+00
-8.098363988493124666e-01
-7.620330799642337505e-01
-9.153458343264752051e-01
-5.690186579200982031e-01
-7.331562374463133080e-01
-4.835286985027614781e-01
-1.409725875279822738e+00
-1.836107856656049364e+00
-6.538449975211562126e-01
-1.155275042829730037e+00
-1.255958940177621219e+00
-8.197855696674501980e-01
-1.029248621638064076e+00
-7.286924479049828873e-01
-1.924381450669303772e+00
-1.352959713395332164e+00
-6.266567384061542123e-01
-6.494864033186278363e-01
-7.083002493245321718e-01
-1.103297952994775732e+00
-1.709223458129832673e+00
-1.315635111683019387e+00
-5.982909230451126659e-01
-5.214713294355455275e-01
-8.452011604562171820e-01
-8.432877494776146454e-01
-5.145829622790596414e-01
-8.862775829298464858e-01
-7.782494386829910127e-01
-5.691580155082138770e-01
-6.325533674820419394e-01
-5.447173317961269134e-01
-6.906220901937351053e-01
-1.057022781805307732e+00
-1.237888303634570919e+00
-8.726784857487391855e-01
-1.018190233073744233e+00
-1.374840351212214262e+00
-7.714442170304455226e-01
-1.083971315354629983e+00
-7.961508353634818569e-01
-6.426555716020677655e-01
-5.390227395860749393e-01
-6.686185882033992556e-01
-5.017895288917577634e-01
-4.606137165119839616e-01
-6.671189346403680887e-01
-4.051604471357551640e-01
-8.334432975304004731e-01
-1.383931774328735154e+00
-9.440839266034258825e-01
-1.421596544480812963e+00
-9.652010357462610379e-01
-1.183595798880164862e+00
-4.231029206458259417e-01
-8.178079764584583744e-01
-5.550887640370193443e-01
-5.958634638840761832e-01
-6.068286183282508572e-01
-4.905753664273402870e-01
-5.960860420029076012e-01
-8.815480819628689346e-01
-5.086675980411817788e-01
-1.040068551841907718e+00
-1.169316272382259880e+00
-3.804809566232565943e-01
-4.790366479091345830e-01
-1.406870587264032579e+00
-7.354588136272071086e-01
-3.529681881094544060e-01
-1.090932356731761477e+00
-6.256563589575014905e-01
-8.329645930692920475e-01
-6.813468559739680463e-01
-9.182043471490701769e-01
-6.797245342014098801e-01
-9.347011131691499441e-01
-7.408495476627412479e-01
-1.089935284536119431e+00
-1.140471901950516731e+00
-2.464389749865370849e+00
-3.281475015190088995e-01
-6.133834318105368943e-01
-5.252260655437884784e-01
-7.553728124118536114e-01
-1.729418494240213988e+00
-5.016275656164779218e-01
-5.789678539289107029e-01
-6.108788852376972889e-01
-5.237368439783994800e-01
-9.149536537391819158e-01
-8.953361012105951477e-01
-9.763989025597098470e-01
-7.891994534494964908e-01
-7.335838410325029590e-01
-4.276601274650279061e-01
-5.921779685191308484e-01
-1.049302822805038948e+00
-4.969834304258976543e-01
-5.487496968829777000e-01
-9.577350949037081174e-01
-1.668337207632677899e+00
-1.009035262229784680e+00
-6.274247007847173485e-01
-2.275975913806396744e-01
-1.346336862464065920e+00
-1.243656399644669230e+00
-8.148709074937943164e-01
-1.626737257318033869e+00
-1.060286107553825019e+00
-1.779402791930762451e+00
-7.674545810220241293e-01
-1.039519795002543878e+00
-4.381994800805493750e-01
-1.058751274800440179e+00
-5.518808700601405270e-01
-3.025104194352978282e-01
-5.738507024798263911e-01
-9.865469452958611773e-01
-1.072410325816764765e+00
-4.803206332789825561e-01
-4.421704318133425904e-01
-6.710826795960653790e-01
-8.441761664125460030e-01
-6.308745841208914795e-01
-7.946377727789550871e-01
-5.382931925571572407e-01
-1.021608387069870671e+00
-5.870260472619306391e-01
-1.094189838515246649e+00
-6.309637162900459950e-01
-8.462673205158457446e-01
-7.798712553185497276e-01
-8.180464306631741733e-01
-6.493090807554762200e-01
-1.085603266824006541e+00
-7.619538453209429019e-01
-7.704460591537242165e-01
-6.275449050676124019e-01
-5.733400533909862595e-01
-7.198360918562232147e-01
-1.352029066269021085e+00
-1.121855264097124438e+00
-4.886923077297473661e-01
-5.034457209365640340e-01
-1.166792208173074608e+00
-7.824023007775224858e-01
-4.087255931136520859e-01
-8.056724523904538193e-01
-1.392904698072570557e+00
-9.266188593362538750e-01
-6.989001929304705651e-01
-6.070434822872080582e-01
-5.768979155908902090e-01
-4.237854750952540495e-01
-6.796511397211045802e-01
-4.274092492588423831e-01
-1.083069838918313321e+00
-9.724380089528615878e-01
-7.102629660652928223e-01
-3.828467750847710516e-01
-8.593854223852184226e-01
-6.027340027853583804e-01
-5.810065199112989243e-01
-9.020575525136126371e-01
-3.554954515455391317e-01
-7.418211135214687335e-01
-1.164505892192427172e+00
-4.319085574527734561e-01
-2.977609717896493868e-01
-6.772780027542354420e-01
-8.916463618940062563e-01
-8.863733131866557979e-01
-5.391164834249656534e-01
-6.112500560051602472e-01
-5.285149881126497418e-01
-7.695706773980924842e-01
-6.310096489346305182e-01
-7.026126214385366442e-01
-7.095759809058365120e-01
-1.081450999972168203e+00
-1.130473313241487254e+00
-6.709101894883149342e-01
-5.628993254533036783e-01
-7.785889078728835955e-01
-8.446812310099582888e-01
-3.817030505625046977e-01
-4.730809094800688119e-01
-5.359744777780668379e-01
-9.091262201124739040e-01
-9.279968181100520797e-01
-9.078559671186539060e-01
-1.448024621687436841e+00
-4.764133245467422895e-01
-4.932438627849256574e-01
-5.974338788759203656e-01
-8.846402744230184023e-01
-8.807035851970292928e-01
-7.958612245732757939e-01
-7.219727417426746729e-01
-2.000525675070532028e+00
-9.864278545650774221e-01
-7.348054843068935194e-01
-8.749750843682653212e-01
-1.136988801851608999e+00
-6.361261214657265572e-01
-9.911998071484690032e-01
-1.012679402951175867e+00
-8.712331926414649264e-01
-7.775026688474833136e-01
-2.539960576110489865e-01
-5.995299981339037299e-01
-5.591482251636021861e-01
-5.985763238360517491e-01
-6.129339703168157349e-01
-6.034902365116852074e-01
-8.335432265161524246e-01
-5.590411165078457145e-01
-7.100569520333365192e-01
-9.250182214448449125e-01
-1.039645454627553756e+00
-1.146526718825930269e+00
-3.957537413007676252e-01
-6.757809530491390992e-01
-5.557222380544236673e-01
-5.593019656289655028e-01
-6.781757553313680909e-01
-1.057222109377492281e+00
-9.169164997029454200e-01
-4.543155689874786574e-01
-6.650845903304145601e-01
-7.578102969594284755e-01
-5.110461292075144657e-01
-1.009545648959761843e+00
-1.401188602250917681e+00
-3.877298250051250950e-01
-6.245471256793138082e-01
-8.951248910027799210e-01
-4.933437213668118715e-01
-7.192745951786513325e-01
-3.545823460442296682e-01
-8.253395335792651499e-01
-6.828520900520581582e-01
-8.080778973771493012e-01
-7.147706238380653332e-01
-7.949896108177378906e-01
-5.342053437066014432e-01
-5.011200626862728491e-01
-6.775450606179787005e-01
-1.101307834221299409e+00
-5.981209931420716774e-01
-6.043412947093050880e-01
-8.715274350507417056e-01
-6.500296761396158196e-01
-7.188614567836578706e-01
-6.215298594044038616e-01
-7.048145713221266595e-01
-7.551176123845966259e-01
-5.671556139519789985e-01
-4.965244654844713224e-01
-4.229558164504371720e-01
-9.771825059086012288e-01
-2.705525524698784601e+00
-9.232904226090620226e-01
-4.829777626614277231e-01
-8.157303846157546445e-01
-7.885553715769857419e-01
-6.912093601198453507e-01
-1.119573150252300087e+00
-8.595946828190510480e-01
-9.265496155947933188e-01
-1.188359805414327841e+00
-3.711348296118491263e-01
-8.411349336295039780e-01
-9.417495047960466881e-01
-1.715309571915988540e+00
-6.854649143483221296e-01
-4.095491924776156756e-01
-7.496801729389279689e-01
-1.020178786987886665e+00
-4.965027239710586016e-01
-4.976895354461848275e-01
-3.696955866940906943e-01
-5.387254961230935058e-01
-3.808904176536535569e-01
-4.677301143504989933e-01
-3.850560413484315769e-01
-7.046866229873935961e-01
-7.015381235538542537e-01
-8.964092583828768834e-01
-5.763362179865753054e-01
-5.274277723108511395e-01
-1.335390840215304520e+00
-7.293231446693534403e-01
-9.875897552878635244e-01
-6.549450506258015503e-01
-8.109085755752023505e-01
-4.934249794478577367e-01
-8.026553037502049959e-01
-8.150298361452920082e-01
-9.561105635904153521e-01
-9.597433979631878609e-01
-5.061408895006425102e-01
-9.354418274038954761e-01
-6.946414915482260755e-01
-6.828864070642360895e-01
-3.979865453363811700e-01
-7.758768722924141992e-01
-8.393310637897183346e-01
-9.658329772162580484e-01
-9.371867542860986555e-01
-2.118333086448798142e+00
-2.759971599238429940e-01
-8.213312652622982712e-01
-6.534320102201779390e-01
-8.352289413448563682e-01
-4.678846252300958297e-01
-4.652358747981067966e-01
-7.960610282664264403e-01
-4.147879042237863079e-01
-6.074565948966081930e-01
-5.612451194677607891e-01
-7.475162015966783091e-01
-4.850308467329217943e-01
-8.581412961134600170e-01
-3.361002847586314624e-01
-2.559053845774753033e-01
-1.646000313415103333e+00
-1.396891113212129998e+00
-5.203213746642872950e-01
-7.100467040409812469e-01
-6.374450694699649311e-01
-6.773012802722173653e-01
-1.165746776518489902e+00
-4.151315810223883962e-01
-9.110640983148998728e-01
-7.796922492030834428e-01
-7.182884086018471725e-01
-5.642332049288856233e-01
-7.202073631303672618e-01
-5.035184791563888096e-01
-4.160504185316759584e-01
-9.932818177788443892e-01
-6.567107162356069505e-01
-1.257727738981307297e+00
-8.912112390968139897e-01
-7.001670687068756171e-01
-6.134297861276741815e-01
-1.295161309326595012e+00
-8.228924798573845623e-01
-7.808660467411984163e-01
-8.202776308721851928e-01
-9.138129068932128174e-01
-1.143463601164068422e+00
-1.576498772926202774e+00
-4.122071883198881737e-01
-1.117009699674578860e+00
-1.026404244887570760e+00
-4.958152269964156145e-01
-5.587782716178387732e-01
-8.236532198884174427e-01
-5.553672653661603231e-01
-5.666778643182851516e-01
-7.468984740781349219e-01
-6.357259979124159077e-01
-8.762817324734963886e-01
-5.105880052771432087e-01
-6.441126896273469127e-01
-2.717442453600322216e-01
-5.851987021330880001e-01
-1.184728887905038386e+00
-7.005269205311035474e-01
-5.630178681244188965e-01
-9.847610297670098545e-01
-5.628704413682603658e-01
-2.531540261598178021e-01
-5.352972836930619538e-01
-6.389211698059018563e-01
-8.725638310028487332e-01
-6.214218145411902761e-01
-8.358922225626906899e-01
-6.883535245229094324e-01
-6.613011765951293253e-01
-1.036665146692952622e+00
-9.031001305721290118e-01
-7.879728284739354605e-01
-8.421061183694253938e-01
-8.187052246029066227e-01
-6.599023040896242476e-01
-4.834073599522351050e-01
-1.016992563020714835e+00
-4.439861370520700734e-01
-6.246675790378928284e-01
-7.407061814815815159e-01
-1.132519260119427829e+00
-7.722467400451189512e-01
-3.599933694543601126e-01
-1.509348996967188716e+00
-9.692352500067736853e-01
-6.393952865873192559e-01
-5.597083852518137670e-01
-7.183361007624646799e-01
-9.025853508146549631e-01
-8.498807841951533382e-01
-8.600470662052156490e-01
-4.464911723846479163e-01
-5.902405387899478661e-01
-4.613269735198587962e-01
-6.049564766209717392e-01
-1.087429570386422295e+00
-4.837350070071601005e-01
-4.559542532110065771e-01
-1.389205468109308450e+00
-1.106969340209300157e+00
-8.302845309408601882e-01
-1.085606224501272754e+00
-6.501793552515772179e-01
-8.455978502285826925e-01
-6.214915638893033778e-01
-4.894521650315487582e-01
-7.610958817497518458e-01
-6.483971795083485201e-01
-7.572286756278852060e-01
-7.705111984249825019e-01
-6.039012871243423231e-01
-4.318825303722407249e-01
-6.124693820791717869e-01
-2.923838092870784111e-01
-7.575037579770580454e-01
-7.565688155693895967e-01
-1.004459672212514754e+00
-6.783341271319566212e-01
-6.296306094918371343e-01
-1.003760167714044194e+00
-5.166090686313219438e-01
-8.168674268649541714e-01
-4.750297648125412775e-01
-8.246092905248172400e-01
-6.035936729681805613e-01
-9.894709142461772799e-01
-1.510006841154961643e+00
-6.467567335325822286e-01
-1.005615577184905129e+00
-9.049663151061828614e-01
-1.531619827973202286e+00
-1.292960593577210604e+00
-4.033097741168183981e-01
-6.631874146410771109e-01
-5.339074483417571848e-01
-3.441536673589693507e-01
-5.341096312439398419e-01
-1.059942300186670128e+00
-6.641411868917953543e-01
-9.588862248373666297e-01
-8.555671594987405149e-01
-3.408404771426639668e-01
-2.196553961366424002e+00
-1.496924981930140675e+00
-5.548852859618016442e-01
-6.800253142567497244e-01
-1.315127571044718335e+00
-9.234152086484811450e-01
-1.660748741030756648e+00
-7.195882751918685205e-01
-1.064364557999676109e+00
-1.091501670697204274e+00
-1.115704253398542178e+00
-4.715837911579140451e-01
-9.589441816517990658e-01
-5.892905489337815217e-01
-8.331100864991358712e-01
-9.659068626369391453e-01
-8.385575013084290985e-01
-5.659422589443029450e-01
-1.372925100658634934e+00
-6.893498768549406464e-01
-4.198602968591161333e-01
-1.138908376565515468e+00
-1.016919225855491327e+00
-6.479186404480661299e-01
-1.015579126677550903e+00
-5.865831528909053461e-01
-1.273896041378328459e+00
-6.466559630431746308e-01
-1.095100967932993274e+00
-9.081419778918198293e-01
-1.050768468664818656e+00
-7.422104923735786119e-01
-6.069398893254799310e-01
-6.827068399607503224e-01
-1.128844098818317931e+00
-8.698910427472273943e-01
-6.523284680017014114e-01
-7.363926198609679341e-01
-1.364105314149547388e+00
-5.574490425554684547e-01
-9.877885508215525912e-01
-6.485998819415472738e-01
-7.729588727169565132e-01
-9.702431370270683253e-01
-3.733514706884794587e-01
-8.934931061208525316e-01
-4.730692187437710583e-01
-1.194424732838181402e+00
-5.321496537443337616e-01
-6.619995926983622825e-01
-5.500421056893121108e-01
-1.020884957306144258e+00
-4.229076676715964322e-01
-8.133946193981146378e-01
-9.269438834709269326e-01
-1.178622289158740122e+00
-8.350341371090336251e-01
-6.235126850090554340e-01
-7.120034335032685568e-01
-1.381278679870669990e+00
-4.541478945469634709e-01
-3.639525945945413232e-01
-8.615199540312056259e-01
-1.040671310199659416e+00
-7.680885663987380152e-01
-6.317860474826677564e-01
-9.237969659534938094e-01
-1.114875673602137018e+00
-9.071704631222562432e-01
-6.980061146972218467e-01
-4.787553893424899010e-01
-1.281188814493934292e+00
-7.016447361919497805e-01
-5.985642401846938965e-01
-8.642851535699135335e-01
-1.020927998451409469e+00
-3.668418920442597098e-01
-1.008565548156216130e+00
-5.745376248332059177e-01
-7.754232379674700359e-01
-4.177897164569369659e-01
-5.737101463223004405e-01
-5.858093028204541808e-01
-4.499101450538274816e-01
-6.745425665032850349e-01
-1.149535048762288181e+00
-5.523681764493089119e-01
-4.632909023364212842e-01
-1.099416454285068623e+00
-1.181958170717387180e+00
-1.412629082044311257e+00
-6.554425740061536887e-01
-8.965332729322350591e-01
-8.891764752368717106e-01
-5.118462702332459147e-01
-9.584154508717278587e-01
-6.659647318321408882e-01
-1.121308018551086194e+00
-7.090974400552290113e-01
-7.770644313748426013e-01
-5.900468394108352443e-01
-6.884504994219637908e-01
-5.036519596135303756e-01
-1.145484650128337334e+00
-6.459928414153489618e-01
-8.550182536958093049e-01
-7.891899012234475652e-01
-8.244521027157546422e-01
-4.774682872452404303e-01
-1.927277048651037106e+00
-1.055966047202947511e+00
-5.713970119585556340e-01
-8.420335143800998789e-01
-1.456816995384825342e+00
-5.704663253875457141e-01
-7.537314942752261215e-01
-4.925732324818903329e-01
-4.820934622753468290e-01
-8.554463984543152488e-01
-1.168355236020466092e+00
-1.029709309041744403e+00
-9.578402771575431629e-01
-9.095057489300318876e-01
-1.054278291861252548e+00
-6.795567220647339424e-01
-4.603439464406875459e-01
-1.321117302339685384e+00
-7.868377687144265664e-01
-1.040859285083035379e+00
-9.184868677842324969e-01
-1.182244206070766301e+00
-7.829691081432824662e-01
-1.087674474882824871e+00
-4.627333535673565090e-01
-6.516179674163754543e-01
-3.527055637910626040e-01
-2.817423159857370130e-01
-7.578147547713459664e-01
-8.963081737454892117e-01
-7.114339935277625981e-01
-3.964034881207386674e-01
-6.451058087956833553e-01
-7.607671864162107722e-01
-9.011085349362175645e-01
-2.963719005614534607e-01
-8.615329460581631071e-01
-8.188673044881211727e-01
-9.579450804008402542e-01
-1.192174874298390197e+00
-7.660824907837908704e-01
-5.507235467323637890e-01
-5.772515904785920915e-01
-6.977614724495259102e-01
-7.234427070012305894e-01
-8.365605435822216496e-01
-8.170651165005186067e-01
-5.506533883320762213e-01
-7.531291866180823691e-01
-7.799721037430225046e-01
-5.965485889185192514e-01
-7.006285564627450224e-01
-7.631681324557670898e-01
-5.765367519101101124e-01
-9.191342270764317757e-01
-3.064411137075355174e-01
-8.757855315635607596e-01
-6.021909543255117292e-01
-3.162183541482087579e-01
-7.161105544792653044e-01
-8.009499842779534973e-01
-4.461859362680895558e-01
-6.261184946289046760e-01
-1.329917830232371534e+00
-3.169683669699318029e-01
-1.011520926247913010e+00
-5.735031398232106614e-01
-5.119543632035749026e-01
-6.275193976416862940e-01
-3.864960132791279146e-01
-6.801881755962879694e-01
-6.314544655598059997e-01
-6.797119713491116544e-01
-5.575217156941599805e-01
-6.046718807694345665e-01
-7.801354580071249156e-01
-1.424893342705736199e+00
-6.973531916237540873e-01
-4.093985587357293898e-01
-5.323566383344988662e-01
-8.060211732170137200e-01
-7.361241724061464708e-01
-9.514301296750126147e-01
-1.333457172877449359e+00
-1.362265666978571765e+00
-1.253326442487386005e+00
-1.273567045260949326e+00
-1.280795754470810843e+00
-1.057411033977695647e+00
-5.901059097829797206e-01
-6.133011837618018713e-01
-4.756767217110520196e-01
-7.756766998681030589e-01
-3.820484503074992322e-01
-9.219629609276301929e-01
-2.868942396340266043e-01
-9.974560156758250917e-01
-1.293817141232220136e+00
-8.561464582354714192e-01
-6.350836266135974073e-01
-9.379063703244552297e-01
-6.158258205711376609e-01
-8.421025336720766585e-01
-1.224636796576455966e+00
-3.581449762614325127e+00
-5.429323816027148419e-01
-5.656663742847364285e-01
-7.245581645490051237e-01
-8.009395450161662655e-01
-6.120798634719838427e-01
-1.243053714894797324e+00
-5.551904925794104440e-01
-9.253193354024075168e-01
-7.880012828283178283e-01
-7.162234875947077750e-01
-5.164221000353024227e-01
-3.868205851734501932e-01
-7.234482058205659039e-01
-6.250358608791710679e-01
-9.609250185497077990e-01
-8.028843458115393350e-01
-9.468558018926271913e-01
-7.960359404969410413e-01
-7.240211662261342163e-01
-8.735053365803053804e-01
-7.565218953056944695e-01
-6.381311359575948527e-01
-8.331942253210178340e-01
-1.145104473449733762e+00
-5.592519400052943235e-01
-4.846521934048984015e-01
-1.072480224626424006e+00
-3.960975363266271976e-01
-1.006275759448889806e+00
-6.143694729741454585e-01
-8.485442844009947194e-01
-6.088972676088398872e-01
-4.003341643862639021e-01
-4.102931780662583683e-01
-1.192940138292932328e+00
-1.338901698417751307e+00
-5.816213878679789007e-01
-1.212576407605651330e+00
-8.561143337096219774e-01
-8.433349424812474071e-01
-8.726933179587649247e-01
-1.453727546021127637e+00
-6.702417035542813650e-01
-4.535848207608059179e-01
-7.393253427174646397e-01
-1.797214853807119983e+00
-7.690444569381587048e-01
-6.427785048569946147e-01
-8.146765288194071086e-01
-1.062511678633182299e+00
-6.677703434187425291e-01
-8.413753918354032191e-01
-6.678030060104039878e-01
-8.771948124727086959e-01
-3.705916406609488511e-01
-1.550476013067083381e+00
-9.151162090815099237e-01
-7.624783527850124143e-01
-8.739033646168289371e-01
-1.057168242299652672e+00
-7.150040253256390033e-01
-1.155813316841428628e+00
-1.749671186914031340e+00
-1.174035347771140270e+00
-4.699167622801763144e-01
-6.318758684735058528e-01
-1.152924978945812695e+00
-1.316205261238923674e+00
-5.312344666122582604e-01
-5.318898524077474432e-01
-8.259969957497627080e-01
-5.061112395775628769e-01
-7.754036273344476760e-01
-8.004018872973119869e-01
-8.632080712377352416e-01
-5.334880342523494745e-01
-8.100972100363733608e-01
-7.872646866317114522e-01
-1.465219998839221383e+00
-7.506713362981553006e-01
-9.494732051295180497e-01
-3.761978765738230868e-01
-9.620967846566343962e-01
-4.986324037745350490e-01
-8.913329204873657874e-01
-1.169491923004683409e+00
-1.323055225115068900e+00
-6.550898887848329855e-01
-1.210058471288016468e+00
-9.057385716237345008e-01
-5.641284855104917728e-01
-6.348433886351035893e-01
-6.171598858440057178e-01
-3.495221821437765053e-01
-3.509915659725130199e-01
-6.966520006959353584e-01
-7.037547978025717743e-01
-6.209872670405771622e-01
-8.076948109931347819e-01
-1.037413152325187271e+00
-6.696393762839383257e-01
-3.367281540352999314e-01
-4.775876854757965528e-01
-9.619333731185570890e-01
-1.498063424609043848e+00
-4.428322344675975630e-01
-6.788641119405823821e-01
-1.383153985403739794e+00
-4.328368141479637110e-01
-7.645029335587526509e-01
-6.397017973779415279e-01
-9.863669421875576049e-01
-9.216058946413048236e-01
-5.395177883728267121e-01
-6.515682825078898954e-01
-5.699776273026542217e-01
-7.361843474112194086e-01
-1.189378251504583872e+00
-7.325316631521660016e-01
-2.977687018858496959e-01
-8.909564815762293088e-01
-6.822528925478404949e-01
-7.756054469132874774e-01
-6.605450103587180433e-01
-3.832438618114114015e-01
-6.219133860925347701e-01
-5.921376422172980325e-01
-9.049938160607955417e-01
-6.833772040926729963e-01
-1.296325448103062161e+00
-9.637921316359479018e-01
-8.713887191041143065e-01
-9.466038823615976483e-01
-1.051925503827156660e+00
-6.536740837218363298e-01
-5.013983052617225766e-01
-2.706275767025638324e+00
-9.578444940251558126e-01
-6.512689179263208006e-01
-5.229868133946057318e-01
-7.832193441697247183e-01
-6.408867859087494789e-01
-6.680573739155325486e-01
-7.835200941205104908e-01
-5.981963065230964105e-01
-6.995261958516058032e-01
-9.687829265355940578e-01
-5.815638181288406150e-01
-7.345002225544453589e-01
-4.448660971562758970e-01
-7.147108983908389002e-01
-6.544423139489078389e-01
-6.966848227746237354e-01
-1.193775352700210179e+00
-6.078463683030466136e-01
-1.020157582985378397e+00
-5.133895529374326028e-01
-3.946462465872687120e-01
-6.735157257441480860e-01
-4.952401842714610480e-01
-5.212731583860342743e-01
-6.893046719560261826e-01
-6.189018204098025722e-01
-6.419659816263336705e-01
-9.053800861516488885e-01
-6.177568606786827399e-01
-6.615797932502449630e-01
-7.223717513183224304e-01
-1.028997363975137302e+00
-1.238559596118932404e+00
-3.491393176677360377e-01
-1.075486401066124031e+00
-6.792576691875891193e-01
-9.061528832935378253e-01
-1.005451058141626719e+00
-6.565213641496454589e-01
-8.519270763867886620e-01
-8.323684846988615993e-01
-7.832758392146077497e-01
-8.150733235587067638e-01
-6.751447787514212040e-01
-6.245009170655753117e-01
-7.660278166548798451e-01
-8.680030515755040588e-01
-7.353630859624259442e-01
-9.394273448491150535e-01
-7.088744463951286434e-01
-9.577463660409808455e-01
-5.759468939483558536e-01
-5.224261551886349997e-01
-5.300402613127078721e-01
-6.931005992798153770e-01
-6.308962004563486436e-01
-7.531930732788779670e-01
-2.098676411861351454e+00
-1.073920664109361933e+00
-5.714028002781315063e-01
-8.310746525671742768e-01
-7.405393385858554112e-01
-1.383477910270117794e+00
-6.824152832823524584e-01
-5.376226475437767549e-01
-6.540440655779293788e-01
-2.742544100557452236e+00
-1.008124667776267636e+00
-9.481410579399869309e-01
-8.115093620879807457e-01
-1.041745995339649289e+00
-6.799742656598740664e-01
-7.535600070955715823e-01
-1.407448478093446198e+00
-8.832919627617098479e-01
-1.109634996654345729e+00
-8.052860237582730729e-01
-1.302410320692239498e+00
-7.722471401480365261e-01
-8.390222378719150997e-01
-5.143216026760218940e-01
-1.083896495966857554e+00
-7.164013828517862281e-01
-3.994342567110839570e-01
-6.246972116596970492e-01
-4.571504239515786217e-01
-6.446482413579061044e-01
-5.613122360654297927e-01
-1.046823519486222764e+00
-9.696363192261049369e-01
-8.242360069509322429e-01
-5.243657276590756311e-01
-8.493572845897413570e-01
-3.812233268401519215e-01
-1.047457491114197836e+00
-7.951217875914755595e-01
-7.917558585540570570e-01
-6.740992587006293668e-01
-6.375070906289340700e-01
-6.746830322996101303e-01
-3.973880324539943443e-01
-6.994063949162117044e-01
-4.615454587115138674e-01
-1.155452673346315073e+00
-8.827217515687977301e-01
-1.084626626316103515e+00
-8.480575620852937035e-01
-5.579147181700356839e-01
-2.894163623898119431e-01
-3.374348062003907911e-01
-3.306134017614586473e-01
-6.153888733075516537e-01
-7.524965273633116292e-01
-8.907803994870973074e-01
-8.224660853892886703e-01
-6.210963337606855150e-01
-1.268848483031589591e+00
-5.058140997073999889e-01
-9.591313256703268841e-01
-9.602772154563543605e-01
-7.270653748325431875e-01
-7.850541970619602239e-01
-7.659149319214025864e-01
-5.456636152513366644e-01
-4.691543491050602088e-01
-6.931609351353101856e-01
-1.017547374104069258e+00
-1.564693276977132452e+00
-1.118809506298448442e+00
-6.478586374516964730e-01
-3.487351099881949024e-01
-1.020048982876498256e+00
-2.516087121808569194e+00
-8.151740339188660034e-01
-8.880685315078216124e-01
-1.043326806758559711e+00
-4.625387386252238220e-01
-4.997646407306979288e-01
-4.408418952039308558e-01
-8.312617166504190358e-01
-1.286608741052029048e+00
-5.856257389596462026e-01
-5.385144992828135857e-01
-1.078518600907000247e+00
-5.671562037129977973e-01
-6.282719458973963222e-01
-8.552329936278818545e-01
-4.633463913183252791e-01
-7.262682613243203189e-01
-8.647210980326255347e-01
-6.005104430692442818e-01
-6.645334527014020720e-01
-4.996010617914750651e-01
-6.825356151291824824e-01
-7.689372522559833056e-01
-1.790808304880788127e+00
-5.605492225962172004e-01
-4.713265805062999414e-01
-7.041555646710204730e-01
-3.977610748677511410e-01
-3.810799082825480633e-01
-7.592004676402538399e-01
-1.089097836389751661e+00
-5.189774147829459006e-01
-1.120003113360642510e+00
-7.097364761974541691e-01
-4.617515711179757121e-01
-5.950626409958420515e-01
-5.194484644538009954e-01
-7.061737576931034210e-01
-7.607720347826049112e-01
-1.006246523200596155e+00
-6.440707515033449182e-01
-4.594215283191674382e-01
-3.328744362564748371e-01
-7.177006912981731546e-01
-7.206832985155664506e-01
-7.606185832794971624e-01
-9.404767466321573011e-01
-4.936211757379129761e-01
-7.409977850476752170e-01
-7.560578919170720669e-01
-7.057450907929464501e-01
-5.089696025446600602e-01
-1.262487441212154726e+00
-1.484531305987749850e+00
-8.607200018273645226e-01
-4.850689201416042429e-01
-6.720221405275175197e-01
-6.510983672011253498e-01
-5.588610895100362130e-01
-9.131348306197932807e-01
-7.113143217307601462e-01
-9.399513206712806213e-01
-7.329952253344819146e-01
-4.210226169373094685e-01
-3.861479648934292297e-01
-7.774399011145262106e-01
-8.478181089057809094e-01
-8.088535682072444111e-01
-5.911821275818822663e-01
-2.165353592190672583e+00
-4.336931777287045264e-01
-2.591148427913997354e-01
-6.373005470979167253e-01
-4.457697329803155251e-01
-5.726264139550394372e-01
-1.136394329672833825e+00
-4.649748428103492870e-01
-7.825100036952351568e-01
-4.305338504666006427e-01
-8.625113812684299663e-01
-6.369002499395676198e-01
-6.690165669816391381e-01
-8.744461565455530216e-01
-1.368384727524792899e+00
-1.166526410943468761e+00
-5.916132798977956631e-01
-6.019550428895639183e-01
-9.569845749131402624e-01
-7.842798376039641362e-01
-6.310643838344800471e-01
-2.703698351832021896e+00
-7.102760703663727471e-01
-7.512594815652944291e-01
-6.194321431153677615e-01
-5.968349870567257742e-01
-7.469883179726310996e-01
-5.730184001966832641e-01
-4.578642379184124089e-01
-8.168316897099474616e-01
-3.258580594390146912e-01
-7.273953717366592464e-01
-5.780287171674710622e-01
-1.065194247815992812e+00
-2.443264958784092944e-01
-7.927656184960372165e-01
-1.287604246094266047e+00
-9.926441926381347480e-01
-7.096014001471457888e-01
-1.373546634063122163e+00
-5.749058786008700572e-01
-7.213871940416932693e-01
-5.317586698193704775e-01
-6.519655392880334688e-01
-1.191834692078540536e+00
-1.343195080124368834e+00
-9.835394694609208566e-01
-7.227629061572471425e-01
-1.516898949971951405e+00
-6.414589169862309204e-01
-7.326626274334492317e-01
-9.601233918548480739e-01
-1.000437566217520891e+00
-6.795032588615406155e-01
-1.120903734422838527e+00
-1.328651008261206412e+00
-5.264923992389363150e-01
-6.023149970169734413e-01
-1.138425651178420983e+00
-7.269340112916410357e-01
-4.321471429065510961e-01
-6.072732565753553580e-01
-8.605305900637320038e-01
-4.356544171389912790e-01
-1.076431220237286546e+00
-5.240903098369018576e-01
-7.842014649594859499e-01
-6.309971478576964499e-01
-5.558563124120159404e-01
-5.598445848786431922e-01
-5.016880640096491595e-01
-6.662964533024502423e-01
-1.176973449796635096e+00
-6.107169286233561367e-01
-1.172614887564744413e+00
-1.003075715272794044e+00
-1.049809205562154846e+00
-5.585334775335492052e-01
-9.937825890164556641e-01
-5.448472438602486312e-01
-6.393652696159082272e-01
-6.824788345976902093e-01
-8.078099569516418166e-01
-7.917585885469058393e-01
-7.768875944082995755e-01
-6.249606373182093888e-01
-1.012357064488628167e+00
-2.248206133588067868e+00
-6.843339132143606562e-01
-8.669149961749875732e-01
-5.632622385314560720e-01
-4.931119951702339632e-01
-1.191514088724000997e+00
-7.090398648766946810e-01
-7.987571756625883035e-01
-8.691413495727763339e-01
-9.210413605726838204e-01
-9.277831934922372570e-01
-8.438550624779012077e-01
-1.115398476436343156e+00
-9.003677813697635868e-01
-6.272103198728328222e-01
-6.225652965570721564e-01
-7.959401917493048595e-01
-6.886939038081502096e-01
-6.339209098689642108e-01
-9.402036648752596371e-01
-4.649690446464154747e-01
-5.450145772658137044e-01
-1.063013243211328618e+00
-6.862316853344349044e-01
-5.134342212480041967e-01
-6.925457634680050045e-01
-4.042200919886895782e-01
-7.746209980898252079e-01
-6.687481508560009225e-01
-6.032591215442970611e-01
-6.271147896913963349e-01
-7.023372057211717534e-01
-1.138611498412560152e+00
-4.100166993387220904e-01
-5.274030412496509834e-01
-7.215374249606153478e-01
-7.617482910035058286e-01
-9.198752356254304985e-01
-6.473794251641605824e-01
-6.662781107110165024e-01
-6.126658816901013882e-01
-5.511551593822078265e-01
-7.478884240836665143e-01
-3.025043397687605107e-01
-9.078688012259024109e-01
-6.075806223265244332e-01
-1.037752360886562863e+00
-7.413891641377775565e-01
-2.141420555379907609e-01
-7.392182371452354905e-01
-1.040748707355720004e+00
-8.114439288520760574e-01
-6.234835846385903269e-01
-8.871525330762742856e-01
-2.706621454747758504e-01
-9.342710046819746594e-01
-6.645315229349073594e-01
-6.802827984895396529e-01
-1.339732580036022247e+00
-4.551800583127984523e-01
-3.750474537250284013e-01
-6.678301895048407433e-01
-5.893180293780427847e-01
-8.169182079567832711e-01
-4.912722702345043158e-01
-4.938464814614844656e-01
-7.279396869864629416e-01
-4.906317022451722742e-01
-7.016805608014127227e-01
-1.225122665815489453e+00
-5.672267228204198597e-01
-9.913669187564236873e-01
-3.199831831043965735e+00
-5.377869531307166717e-01
-6.924840781939949341e-01
-4.536825986631475849e-01
-4.033928196176250203e-01
-6.515521039010477855e-01
-4.510826805489741576e-01
-1.015755981409590003e+00
-7.462556735084577841e-01
-6.848221946639371227e-01
-6.206292735703466956e-01
-5.319538850608570568e-01
-6.778583415087846564e-01
-7.278575236478261878e-01
-7.192618775309186363e-01
-9.948064160685300417e-01
-8.079855921442611333e-01
-1.310802985564109235e+00
-4.361995807595582253e-01
-3.012747092164081431e-01
-8.901842603332486004e-01
-2.704250285218076089e-01
-2.919680030439756879e-01
-5.071995168384325625e-01
-1.044406848900866436e+00
-5.702947253409259565e-01
-5.158260710396876947e-01
-8.157238897078545881e-01
-3.017926703119314102e-01
-1.115265226243594476e+00
-6.412137194469147428e-01
-1.006589908706966519e+00
-5.106074655692545150e-01
-6.002254368536878992e-01
-9.684352060271140816e-01
-7.357027351041970364e-01
-7.266445753048219602e-01
-9.007680639677014822e-01
-9.866090366106504694e-01
-6.369099486305453972e-01
-2.638746021989240020e-01
-5.539095468959819302e-01
-6.959941534848931299e-01
-5.004781660062490589e-01
-3.186738335914131026e-01
-7.210889430615223805e-01
-7.884593577702823097e-01
-6.063372754341419535e-01
-9.052195722857515614e-01
-7.950910910800800258e-01
-4.427775470914324663e-01
-1.287431452725197767e+00
-5.958483539763295145e-01
-6.513986870211797564e-01
-3.327786316522927113e-01
-5.361133862360777380e-01
-7.137810736678105172e-01
-5.023116272792707004e-01
-8.739929755708057968e-01
-8.697460993296625142e-01
-7.623127134271013849e-01
-5.141036774466561932e-01
-6.834349216366980562e-01
-7.703681639656365654e-01
-6.456472797297939659e-01
-7.189391406283843766e-01
-4.709721826798668465e-01
-9.946619577462210149e-01
-5.746381357327551287e-01
-9.477340619006118239e-01
-7.905707637343822869e-01
-7.357632156769269294e-01
-6.928432487044677845e-01
-6.005878447319183966e-01
-3.708027720360990709e-01
-5.817861160592286973e-01
-7.878246375556364756e-01
-6.924330108344597390e-01
-6.181362570847643845e-01
-7.451307907117975526e-01
-3.631873617546603206e-01
-6.432258817391182104e-01
-6.068607203347017309e-01
-7.563116880171032452e-01
-5.496975117557570956e-01
-4.993875538177617313e-01
-4.147126560149625440e-01
-6.958555619029082040e-01
-8.333696417253519950e-01
-1.431386645067979302e+00
-3.101953344142552860e-01
-9.314209071686565533e-01
-7.224789480123866570e-01
-8.418817492906821576e-01
-5.015580572702841300e-01
-8.446915761013102930e-01
-1.387588090930401696e+00
-5.433483183373898351e-01
-9.496406067684681762e-01
-9.436783396058251450e-01
-7.151537945830895859e-01
-5.858964813231350988e-01
-6.186630177705947364e-01
-8.475524066892636821e-01
-9.314057362108814075e-01
-7.678743769911648975e-01
-6.440361315433948963e-01
-6.280740903926819163e-01
-9.425124791172466709e-01
-4.328233041417519633e-01
-6.925469578081826505e-01
-3.827042089799080893e-01
-2.904675804607804168e-01
-6.973499302573094027e-01
-3.472866273437162365e-01
-9.442213573187516751e-01
-6.996857633881826688e-01
-6.650531513784463389e-01
-7.592870146308494661e-01
-8.256088957493809000e-01
-2.249721372371940920e+00
-6.958612985972606468e-01
-4.399197818725069653e-01
-3.804949050194842419e-01
-9.313561422528602307e-01
-5.314826875708035248e-01
-1.029178034483027027e+00
-1.141822022985353513e+00
-1.029216296562577737e+00
-3.315144342738601257e-01
-5.726951037620120477e-01
-1.095262313990168490e+00
-1.003799952054073241e+00
-8.832289672128572633e-01
-2.685813857565051421e-01
-1.137151345539721969e+00
-1.285316708468453806e+00
-8.621577178565613675e-01
-5.084321237926089365e-01
-8.063185673037294166e-01
-5.620980553219365738e-01
-9.125599193480518068e-01
-9.875759065523690428e-01
-3.777587621671344986e-01
-7.786353004787688326e-01
-1.023672082758376511e+00
-3.334482577203727871e-01
-9.318531252127627562e-01
-4.997281397341363784e-01
-7.273455467053379087e-01
-8.402053927183972259e-01
-8.020386860753628833e-01
-4.393532401519509301e-01
-7.743446381337916185e-01
-5.360638642142632193e-01
-6.365787149661014110e-01
-8.380456288201001414e-01
-5.848499195111671600e-01
-6.975006751763888069e-01
-6.196485234863586822e-01
-7.188740960480748399e-01
-1.239424650136581763e+00
-8.976694560398517098e-01
-8.469568834609474406e-01
-1.040748302715888585e+00
-7.770213155949318162e-01
-5.406871274011361139e-01
-4.087788048682146624e-01
-5.969390455560469322e-01
-2.899921554365810783e-01
-2.646529861918737181e-01
-1.192809521856970756e+00
-7.502921708155976255e-01
-5.357670894233294012e-01
-5.064270021145349521e-01
-5.219936981744935922e-01
-1.130676745051815146e+00
-6.993740339850662568e-01
-1.088784814426057013e+00
-5.698477540589350632e-01
-6.845485339886940857e-01
-6.258832632028953347e-01
-5.594255064755223605e-01
-4.301931521815411386e-01
-9.467690069713904366e-01
-8.911453903572295054e-01
-7.611203402416854003e-01
-8.637472275087058060e-01
-1.315315087472651800e+00
-8.524335260934361447e-01
-9.193768799114664381e-01
-9.066344928171709006e-01
-9.178076120969069773e-01
-4.577119668549042841e-01
-9.795336769681586286e-01
-8.797257135154528118e-01
-5.310122705922522002e-01
-1.077513068672372620e+00
-4.143524905915385581e-01
-7.712728432536340994e-01
-6.191603980353177494e-01
-6.211329743855102947e-01
-9.118215800179917396e-01
-1.020896875383288771e+00
-1.011361403789467373e+00
-5.674275450038963609e-01
-1.078104686050165517e+00
-1.013302046192279038e+00
-6.881616756570718696e-01
-9.304806367140830980e-01
-3.881767335600551649e-01
-5.966421579641575379e-01
-6.916538741801226964e-01
-1.005647613064048818e+00
-1.017392239982211732e+00
-5.072257870185082895e-01
-1.024354936528824922e+00
-6.388549168292037006e-01
-8.089559320058700154e-01
-8.448590915081891639e-01
-5.972317481546109974e-01
-5.817212003743058579e-01
-3.716499209143893090e-01
-1.052063580387819552e+00
-9.571716948234937350e-01
-4.112313337746358877e-01
-5.777440975950589586e-01
-3.948909780761301613e-01
-9.639341649477937146e-01
-8.082428425281446005e-01
-7.966817204237538474e-01
-7.692626457423162867e-01
-1.068055116522953929e+00
-4.698222398440859982e-01
-7.535578720563020916e-01
-5.732084350395743044e-01
-7.323494137612529542e-01
-1.135186610878256674e+00
-1.177554045389304083e+00
-6.429423106404777988e-01
-5.919632549076878636e-01
-5.020439758844109646e-01
-1.803873629733613093e+00
-6.560962300613947251e-01
-6.491653841983118234e-01
-7.588225006238092929e-01
-1.018646901603000199e+00
-1.303949778950151739e+00
-6.916944237839112164e-01
-9.670651688822032854e-01
-6.400325945332153710e-01
-6.845593775665185232e-01
-7.393082799489657519e-01
-3.794779468063636529e-01
-6.569131914677852624e-01
-7.053244214505447474e-01
-9.342326038325505788e-01
-1.245638846212826278e+00
-6.709916009663604575e-01
-6.493139711608180153e-01
-7.489829444387533508e-01
-4.660069622787642585e-01
-3.559166146710246448e-01
-6.239007463108799945e-01
-3.848598393294410114e-01
-7.836443213251906847e-01
-5.792772317786559766e-01
-7.780741466823275498e-01
-5.454405026531763401e-01
-7.437151689019034784e-01
-5.948502521845052682e-01
-1.142579093318528027e+00
-7.344516961666086585e-01
-5.966427225338239992e-01
-5.778951417911823984e-01
-1.156036548601160785e+00
-1.257176401000337007e+00
-3.915639788180094727e-01
-1.175955616342690302e+00
-3.896080206901593179e-01
-4.091593452922139829e-01
-7.836165280084811391e-01
-5.352847228449542083e-01
-1.365012304410882393e+00
-6.843759152575291660e-01
-1.373882964428146503e+00
-3.280848526280875088e-01
-2.749054919490542814e-01
-9.157245752994830346e-01
-7.395908605854686346e-01
-1.197850620155990864e+00
-6.925845808030114403e-01
-7.164217236984211645e-01
-4.545519549208752785e+00
-1.219720615611415981e+00
-7.212981456856993878e-01
-1.092380250473177661e+00
-5.256666947304226012e-01
-8.310000968096851182e-01
-4.921420410632428299e-01
-7.360857151386568376e-01
-6.917888495444375341e-01
-9.666584695904686386e-01
-6.578674308319385489e-01
-6.050824608041935893e-01
-6.166734745441572185e-01
-5.530441148942735197e-01
-8.849543705077281830e-01
-6.216022916177641466e-01
-8.450521561201737031e-01
-1.038386390638972312e+00
-4.714981110477923787e-01
-4.431002842379531681e-01
-1.075017583015949407e+00
-5.996117398278431043e-01
-8.302382781542619883e-01
-5.775441465816066877e-01
-8.651923089129085476e-01
-6.445773881180073550e-01
-8.526004118067326276e-01
-7.570729904163155943e-01
-4.565223183360276327e-01
-5.338422541742926519e-01
-3.151428280070623922e-01
-6.635834968097096276e-01
-8.420429670910980491e-01
-7.285497665601995410e-01
-5.955885885510513456e-01
-8.789586293133229145e-01
-6.567101300941452502e-01
-1.016912066480938348e+00
-6.214041724572010317e-01
-7.637886409847185476e-01
-6.840466051702225325e-01
-8.704667058679367297e-01
-7.248721206685615481e-01
-8.275169395414235796e-01
-3.181658829677036504e-01
-8.163964057362789184e-01
-4.141947606362875178e-01
-6.712652772376936916e-01
-6.981377360990106418e-01
-4.650700109100755486e-01
-8.667042666636195491e-01
-5.780557765169652695e-01
-8.545811619979288842e-01
-6.158628272918419411e-01
-4.195605812823422487e-01
-4.592181809177824370e-01
-7.599475776153048479e-01
-3.815909748620892050e-01
-8.316222459572355508e-01
-7.973041290666339487e-01
-8.642684863749321433e-01
-5.945176563440514039e-01
-1.129037813896600406e+00
-5.096249146087838966e-01
-5.048803571665296808e-01
-5.249846979922888623e-01
-3.686520052038556039e-01
-5.780907688818016643e-01
-3.643032279158656683e-01
-4.940201474032667739e-01
-1.067985756811936193e+00
-8.357051963823354246e-01
-5.824798805637212418e-01
-8.659205374052324489e-01
-4.213174418634004770e-01
-6.385793777239858748e-01
-5.681353411269779441e-01
-4.238347171721291162e-01
-7.079297554587710151e-01
-7.825967483636928623e-01
-9.896067592263733115e-01
-8.198588013408215636e-01
-5.902611271863289488e-01
-7.803552564238466216e-01
-6.273843016406950301e-01
-7.914634568747596077e-01
-6.674343690151373076e-01
-4.288547099418765218e-01
-1.038697134817181400e+00
-7.794503963843549821e-01
-3.563285022521615608e-01
-1.445638605883124983e+00
-7.289049254641503106e-01
-7.567237484010057580e-01
-4.633304524743916963e-01
-7.936742050716985020e-01
-5.705793151654625639e-01
-9.484226437010286892e-01
-9.587364367555482048e-01
-6.196758524827077341e-01
-6.042312689705454654e-01
-5.198068585723760737e-01
-5.327114562348626015e-01
-5.963749848553833166e-01
-6.904973495530178917e-01
-1.163388390524303873e+00
-4.222094666945595542e-01
-6.185138384169410752e-01
-8.744898441663415678e-01
-7.306539521893995470e-01
-1.014026045124081010e+00
-7.592324851187159940e-01
-4.815202675733817883e-01
-6.686701666577741232e-01
-7.875038896942848643e-01
-3.897203363451544056e-01
-6.295382828788510521e-01
-9.369007546592778013e-01
-5.446750661274957217e-01
-4.114963983133339553e-01
-6.115022259204875299e-01
-3.947359618280143478e-01
-6.063082822834143792e-01
-8.352255482723901503e-01
-8.207328711398171883e-01
-8.386073492134256124e-01
-8.210302664671912387e-01
-1.093502518729370765e+00
-7.485869506181328514e-01
-7.205125916626130556e-01
-8.223210746775474478e-01
-1.130275667632711256e+00
-5.655843700474798563e-01
-1.084361632457572444e+00
-5.276485937995332165e-01
-6.760042606142372401e-01
-8.571450628865026067e-01
-9.560678722306791277e-01
-2.404798651589446390e+00
-5.153830651489647030e-01
-6.353408434874812105e-01
-7.585083474574367823e-01
-7.424785858100325653e-01
-7.816093472095370087e-01
-5.635402771723329041e-01
-8.601195016369261870e-01
-5.183053743467163077e-01
-5.800020083658994352e-01
-4.230224042546937291e-01
-9.070535787291940100e-01
-6.713308447529121592e-01
-6.302835497372814011e-01
-7.288516234088106005e-01
-8.257822114870304597e-01
-6.716459978441228218e-01
-8.518670947501068014e-01
-4.563229935890252276e-01
-6.455403156892698391e-01
-6.112122383576179541e-01
-5.620973787123764165e-01
-7.581798117867791786e-01
-6.024178549506294944e-01
-7.664657005711346116e-01
-1.183653347602972694e+00
-8.046482187083862092e-01
-7.667967528684622724e-01
-6.795453941745651649e-01
-6.263038451462062950e-01
-1.061255073216129441e+00
-7.641635992854138859e-01
-4.624901134912154377e-01
-8.651952065849389806e-01
-1.035696114317935068e+00
-8.886407860282767857e-01
-2.903762180936370618e-01
-4.821116721596230281e-01
-7.904815899349720842e-01
-5.300843239833955556e-01
-9.405596983168498237e-01
-5.651299338688559049e-01
-7.254875861692519079e-01
-7.322237428522775371e-01
-9.852794734471138627e-01
-7.233080178568320751e-01
-6.623505455266667230e-01
-5.143557360737734951e-01
-8.667059437660400434e-01
-1.250600747548314295e+00
-5.661123010655337850e-01
-1.121774577982058263e+00
-1.130131997107500563e+00
-8.724926195772705340e-01
-6.268619411689213550e-01
-6.667524442333018220e-01
-8.318982344414068697e-01
-9.276385222538460207e-01
-6.618577854975216113e-01
-6.601023718128096185e-01
-9.460970257580721965e-01
-1.095803175056511147e+00
-1.616262523275932894e+00
-1.263377735224729737e+00
-5.218274504620081800e-01
-4.730890629024894767e-01
-6.152801007762298546e-01
-2.510760368019576139e-01
-7.634216212164813831e-01
-4.008414133534401458e-01
-5.944961137293421904e-01
-6.699474515157165522e-01
-1.015235385207978291e+00
-5.756874741525724870e-01
-1.661298181827291387e+00
-4.304519472682733494e-01
-5.369100879770470902e-01
-8.372117465219852672e-01
-9.062760485228642526e-01
-8.774650460337899416e-01
-1.319077849289439719e+00
-4.941779551200950471e-01
-1.001442995507099143e+00
-9.921741266090347011e-01
-4.644896391880957154e-01
-1.995909406128690389e+00
-7.303392311825209759e-01
-5.943925141118094890e-01
-6.352033584314897841e-01
-6.463545041109304279e-01
-8.142805396779387861e-01
-8.781454019896476337e-01
-3.612637401930305359e-01
-8.750731747890790890e-01
-6.672241459350408688e-01
-7.949403938505209544e-01
-8.322447697638923891e-01
-7.568398746839013480e-01
-6.124463403398897610e-01
-4.435189516530296250e-01
-4.596477382881037910e-01
-9.185843142706905384e-01
-4.951303389383001630e-01
-3.366340030141740658e-01
-9.458088322885660482e-01
-8.022131536962876508e-01
-9.424064476267995927e-01
-7.676408930049971602e-01
-8.935679962211722227e-01
-4.350689101855411134e-01
-6.412613089596485016e-01
-6.378445551645318679e-01
-4.447450475014395055e-01
-4.115034369575867879e-01
-3.384787081361655403e-01
-6.056653922765083964e-01
-6.021880733002957786e-01
-6.708787871982158091e-01
-6.592019431946769537e-01
-8.734449070317255037e-01
-4.088569613577808237e-01
-4.961656272030421366e-01
-7.377761342482591633e-01
-7.584173107258560531e-01
-7.939976151814972516e-01
-4.474498330611429986e-01
-5.535196777024256054e-01
-6.642150263695806300e-01
-5.114950100976911607e-01
-1.273098354628507067e+00
-6.874852722369931834e-01
-8.271141217917469257e-01
-2.388468876673693675e+00
-1.079034176577254645e+00
-4.384283080087059692e-01
-7.673422990432017254e-01
-6.390015519774192576e-01
-7.636702713266989573e-01
-5.362044975288192683e-01
-5.321869097041652674e-01
-5.804965962168181504e-01
-8.121702017438681143e-01
-1.472340797058910411e+00
-7.917267689189371183e-01
-6.170682627428155653e-01
-3.704348303112285357e-01
