-6.565311218290614814e-01
-4.408714674000189793e-01
-4.987161545778852068e-01
-5.154207548535099104e-01
-6.932004364883216363e-01
-5.391722953116528938e-01
-5.897421175067182331e-01
-5.351365907534504363e-01
-5.761898088113118765e-01
-4.467766225798583402e-01
-2.863020431664379806e-01
-6.147460351477981311e-01
-5.076651599793794434e-01
-5.158713257461143842e-01
-4.897621645344946151e-01
-6.354850035141922371e-01
-4.123820972383545613e-01
-8.117970015050244292e-01
-4.487813749150097453e-01
-5.541766351414658676e-01
-4.328981338683023927e-01
-4.219710496195276384e-01
-4.733772189672025843e-01
-7.816168344866738504e-01
-6.589774037055246003e-01
-4.815098105471503631e-01
-4.481995686852411898e-01
-4.890893037270950261e-01
-4.207659628178589406e-01
-3.719314158963200057e-01
-4.822481938678341851e-01
-4.818722390887681395e-01
-3.510349955386264931e-01
-1.012849993782979130e+00
-4.406353508967430499e-01
-5.001604571116339271e-01
-4.104762403024099782e-01
-3.994897088130182072e-01
-4.425078656050108195e-01
-4.986233852393647248e-01
-7.735915208835058010e-01
-5.286080838622281286e-01
-1.121918971656160613e+00
-4.379952597170306272e-01
-3.399695693613100644e-01
-4.444552863851308766e-01
-4.085401254870424936e-01
-5.140273069807597128e-01
-8.517114458228806084e-01
-5.293402042530820362e-01
-3.927248249261314217e-01
-4.175994698685697726e-01
-8.419909873202691131e-01
-5.410170416416730799e-01
-5.105220568171097151e-01
-3.795893843240681909e-01
