-4.378332313812675625e-01
-5.044492080585194493e-01
-5.659178564299998104e-01
-5.584241750438754259e-01
-7.044154575023655607e-01
-5.666232965782482811e-01
-3.959371499144501705e-01
-5.011863812242424165e-01
-5.738647829726318816e-01
-3.630416347493031770e-01
-3.338286745016251222e-01
-6.565311242143379022e-01
-4.853438627525608617e-01
-5.482032594017521854e-01
-4.432018404239504439e-01
-4.748749798439198533e-01
-3.866972946590245264e-01
-3.562243757728900118e-01
-5.801707032403597974e-01
-4.776172343636695961e-01
-4.470522094393927226e-01
-7.392517244168039792e-01
-6.010683082673723421e-01
-3.356024746543730952e-01
-4.890893046442230108e-01
-4.333780903583183686e-01
-5.849610047449562700e-01
-6.059027376189092262e-01
-4.811377025067315460e-01
-4.277883668614090307e-01
-3.511038140063234558e-01
-3.491181632146663771e-01
-3.164752631260707161e-01
-3.082965826044647972e-01
-5.539293737042538801e-01
-6.547154577336243841e-01
-4.570962043125737506e-01
-6.320063368915433966e-01
-5.693892783345723130e-01
-3.206207004890761492e-01
-3.510350343276949503e-01
-4.401734333972819879e-01
-6.722047933516578366e-01
-6.213259998747012736e-01
-4.481995727273009877e-01
-5.332848632301876446e-01
-5.190936830683159364e-01
-4.131808962014128506e-01
-4.502941677256377395e-01
-5.918150268351897170e-01
-4.583192603097361872e-01
-4.986234461365053883e-01
-4.141420122971656292e-01
-3.993035380648830013e-01
-4.944727558632562858e-01
