-3.720009373624534321e-01
-5.753355016597319072e-01
-5.347033648887742352e-01
-6.052571840558976790e-01
-7.268688961466670539e-01
-1.012849993782979130e+00
-3.675521116854687520e-01
-4.347432695536097569e-01
-3.630415853926309833e-01
-3.635575271070967673e-01
-5.816822392212183113e-01
-4.760924462667893708e-01
-4.123820972383545613e-01
-3.598107310769296796e-01
-4.466799977877521921e-01
-5.003666039362617557e-01
-4.490545972368274463e-01
-5.584241750438754259e-01
-5.253052545051056788e-01
-5.541766351414658676e-01
-3.795893464233424663e-01
-4.731127574091615884e-01
-6.230238025202471386e-01
-4.428451628382127914e-01
-6.004436670908221974e-01
-5.104365065359000031e-01
-4.986234461365053883e-01
-3.799192319566196407e-01
-6.062707650994718644e-01
-2.876191600382206892e-01
-3.333508939462492271e-01
-3.350739889853910913e-01
-5.693892810364459267e-01
-3.360860356402678439e-01
-3.909304076957350604e-01
-4.528082908648259353e-01
-3.502639696270954950e-01
-5.086885079250190733e-01
-6.187809290904296988e-01
-8.770449467443260927e-01
-4.021001034858090462e-01
-5.158713257461143842e-01
-5.866145312306377813e-01
-4.632550589426085441e-01
-4.899182020358375800e-01
-4.881435064957108105e-01
-4.491390392369310480e-01
-4.221433391813664282e-01
-5.918150268351897170e-01
-4.839130625134012154e-01
-4.987161545778852068e-01
-4.379952597170306272e-01
-4.401734333972819879e-01
-3.629278854745467409e-01
-3.951887144510545236e-01
-3.869745469075275834e-01
