-4.820059629567441939e-01
-3.297618680110935285e-01
-7.044154575023655607e-01
-4.457788202540707290e-01
-3.788857053240363704e-01
-3.868234136049196747e-01
-6.386765127164240052e-01
-7.372648393186644888e-01
-3.503394445817649694e-01
-2.508060007863697760e-01
-5.081849042860147048e-01
-3.333509161620127892e-01
-4.065568287009497794e-01
-4.328981481334455705e-01
-4.987161545778852068e-01
-3.502639902588646770e-01
-5.801707032403597974e-01
-3.979517389975540942e-01
-4.408714883543042307e-01
-4.570962043125737506e-01
-6.040682749124652862e-01
-4.964954916445367128e-01
-5.168421220353717205e-01
-4.811377025067315460e-01
-7.288910827736566622e-01
-4.862947748106454804e-01
-3.562243057068351093e-01
-6.494305314006754148e-01
-5.075424980084444204e-01
-3.882850789495942978e-01
-3.665758304716637550e-01
-1.012849993782979130e+00
-5.918150268351897170e-01
-5.886668932962793033e-01
-3.626510062064029483e-01
-4.386834498245957836e-01
-4.004806711073062298e-01
-5.584241750438754259e-01
-5.482032993630732154e-01
-4.748749798439198533e-01
-4.745219660945256268e-01
-3.939742588046436511e-01
-3.656302518703708482e-01
-5.282672956619772764e-01
-5.198426826247226629e-01
-5.351365907534504363e-01
-6.235512766837214560e-01
-4.944713883395940313e-01
-5.849610047449562700e-01
-3.822249501687596807e-01
-4.258772408906402185e-01
-4.986233852393647248e-01
-6.067625892490393635e-01
-8.517114455022949393e-01
-4.853438627525608617e-01
-3.302878201278223180e-01
