-5.445176480051816537e-01
-5.954400110217827891e-01
-4.050982955902557858e-01
-4.253729793259310998e-01
-3.639775651000980994e-01
-3.000427863901460324e-01
-4.496723300401939127e-01
-5.656586903892463214e-01
-4.103113259589649675e-01
-4.920084564417853135e-01
-3.424253586895290580e-01
-5.682728314542812020e-01
-4.052577808878890520e-01
-6.903891707823018864e-01
-4.801955049251188656e-01
-4.971392472511235172e-01
-3.700904604326430980e-01
-2.510760318957385162e-01
-2.855267068227952953e-01
-3.281238736856044724e-01
-5.342669750350913516e-01
-3.607664449781978755e-01
-3.553160168860988177e-01
-8.150238541168267625e-01
-4.246463994090352578e-01
-5.284924609503894866e-01
-5.073613626037644098e-01
-4.200825833226266015e-01
-4.073403805376930586e-01
-6.517113017820406196e-01
-4.862089213580548797e-01
-1.192930105913713845e+00
