-4.920084853990056017e-01
-4.434247067068852743e-01
-4.685577424747201514e-01
-4.484555294976773632e-01
-4.702723085366070643e-01
-4.856819937579810453e-01
-4.594299597885095343e-01
-4.709536247347932414e-01
-5.000801167128763325e-01
-4.845159777094767972e-01
-4.469846380944424435e-01
-4.755318599714379313e-01
-4.600394125073529183e-01
-4.118919806320621158e-01
-4.847947958286915049e-01
-3.758665888093100094e-01
-3.553160168860988177e-01
-5.184763254818069989e-01
-6.006780078277467183e-01
-4.548869425312033754e-01
-4.935904513273593475e-01
-4.806799768662243788e-01
-5.354760460913707831e-01
-5.401420952460179725e-01
-5.687378353152763300e-01
-4.351477142338407988e-01
-4.945161511227509354e-01
-5.728133622359374844e-01
-3.613116827946331600e-01
-5.552955093992405500e-01
-5.471763846187965852e-01
-2.911177644332629821e-01
