-5.112447045087232800e-01
-4.067300488080727860e-01
-4.300326743348616976e-01
-4.143236904629132855e-01
-4.907431796149396841e-01
-3.677703796262811187e-01
-3.553160168860988177e-01
-3.941347180109620041e-01
-5.929634691242824385e-01
-5.285065932973527225e-01
-4.333205862943830811e-01
-5.739971507893980585e-01
-4.491264912477161975e-01
-5.291594336413613098e-01
-7.290517627439814241e-01
-5.778727675678778652e-01
-4.945161511227509354e-01
-3.832054258297123428e-01
-5.362459576933689132e-01
-5.509234038768331398e-01
-5.473274938199040873e-01
-3.575838971213258222e-01
-3.643392630505077889e-01
-5.189369781518382574e-01
-4.433008976414397617e-01
-5.132612218929338832e-01
-4.050982955902557858e-01
-5.960408501560106043e-01
-4.640778036730566214e-01
-3.051897209400867839e-01
-7.958669870456469564e-01
-3.292764610786759194e-01
