-3.630415853926309833e-01
-2.835359953228384078e-01
-4.862947420245885000e-01
-7.268688779835175140e-01
-6.722048931942465888e-01
-5.044492080585194493e-01
-3.853570658802208948e-01
-4.465650101492501522e-01
-4.059345539360149635e-01
-4.939107117478211406e-01
-5.013317459634711870e-01
-3.225237363922091038e-01
-6.036153372343650014e-01
-6.384271769297709120e-01
-4.722294010034708833e-01
-4.241773973631217109e-01
-3.902298126609578532e-01
-6.933239988716345392e-01
-4.733771590672718466e-01
-4.818722153528446905e-01
-4.096584628879879064e-01
-4.615146505275160016e-01
-4.960041847968819084e-01
-4.061464247073675593e-01
-6.932004768774568948e-01
-4.897621645344946151e-01
-5.139030695994268871e-01
-6.908374502637515402e-01
-4.968700768356641428e-01
-4.123820972383545613e-01
-5.753355016597319072e-01
-3.822249823266181679e-01
-3.625978752619558598e-01
-5.541766056561358011e-01
-4.051625428368071380e-01
-8.579891053328663197e-01
-2.946507108436389744e-01
-7.368327233998721582e-01
-4.567032282205462090e-01
-6.230238025202471386e-01
-6.059027361840073622e-01
-5.158713271350318097e-01
-4.108438602005272666e-01
-4.848977145381797582e-01
-4.638664691722502731e-01
-3.656302518703708482e-01
-6.235511726408213828e-01
-4.208454628798811159e-01
-3.099152300576688557e-01
-3.503394445817649694e-01
-8.022403731245907332e-01
-5.153697928194713729e-01
-3.677497442935694916e-01
-4.745219660945256268e-01
-6.067626447396990974e-01
