-4.433008976414397617e-01
-3.644706292302362094e-01
-4.375837900517329238e-01
-7.958668929573636808e-01
-3.358289240126504094e-01
-4.236669693994575270e-01
-3.649372784494662181e-01
-4.491264395165599499e-01
-5.372402963321615266e-01
-5.073613927188016515e-01
-3.983121410837345833e-01
-8.328550377321626286e-01
-5.032250949338294976e-01
-6.210589451759216395e-01
-4.935904513273593475e-01
-3.808651096738515651e-01
-6.354628721351882614e-01
-7.621295226093235398e-01
-5.691331657933338395e-01
-4.300326436109013217e-01
-5.960408311108915669e-01
-6.461242529141000279e-01
-4.118920063045432012e-01
-4.475238782103899138e-01
-6.852336672298557918e-01
-5.095560541421366718e-01
-4.469846380944424435e-01
-4.847947916416312508e-01
-4.166606539413547083e-01
-2.510760318957385162e-01
-6.829306493357113483e-01
-5.682728314542812020e-01
