-3.302878041134081344e-01
-4.108233307768134890e-01
-8.022404111761717305e-01
-3.655522895972425079e-01
-3.502639696270954950e-01
-6.362122926623063890e-01
-4.221434180855898610e-01
-3.999588906830199297e-01
-4.638664614049975987e-01
-5.105220289430253411e-01
-6.319369677497468363e-01
-5.279580479301180240e-01
-3.993035380648830013e-01
-4.645628769021139526e-01
-4.401734333972819879e-01
-4.266528659859686878e-01
-4.924611461494431408e-01
-6.051239757334565539e-01
-4.465649587262222608e-01
-5.030556250339640600e-01
-5.091001548619549233e-01
-4.030119019582523165e-01
-5.720849199124491413e-01
-7.334557939120315284e-01
-5.003665774119878673e-01
-3.909303683109828231e-01
-6.188162099660465820e-01
-6.070794206619170019e-01
-4.926777748304805860e-01
-4.406353394317934491e-01
-4.986234461365053883e-01
-3.422160274754263987e-01
-4.258772408906402185e-01
-4.545444034899373542e-01
-5.092018459949616549e-01
-4.992075107683701107e-01
-4.466799977877521921e-01
-7.420351883285490890e-01
-5.482032993630732154e-01
-5.667711129900481204e-01
-5.193388720806000336e-01
-3.194534344170805173e-01
-3.503719487615010175e-01
-4.665507437865185070e-01
-3.521106353361273533e-01
-3.925331936665280019e-01
-4.528082894701054850e-01
-6.494305314006754148e-01
-4.208454628798811159e-01
-3.791884415756677784e-01
-4.815098559332317563e-01
-4.428451628382127914e-01
-4.532351401171215155e-01
-5.541766351414658676e-01
-5.543401876527123129e-01
-4.139474019947889105e-01
