-6.262568295118977613e-01
-6.194513304012938537e-01
-3.190890422168972673e-01
-4.766965376780709640e-01
-3.983121410837345833e-01
-3.292764610786759194e-01
-2.562759323389628419e-01
-3.644706292302362094e-01
-3.909813306513102438e-01
-4.914933355964837269e-01
-4.134139495562566546e-01
-4.143236904629132855e-01
-5.362459576933689132e-01
-3.607664449781978755e-01
-5.937223796314089475e-01
-6.953958262436421567e-01
-7.005484579240491838e-01
-6.809083014685161084e-01
-4.702723085366070643e-01
-4.843425508397207757e-01
-4.067352145199223945e-01
-5.728133622359374844e-01
-4.215181110052302893e-01
-4.755060381432966166e-01
-5.954400850147002489e-01
-6.901586226100777655e-01
-5.189370013079611654e-01
-3.586235479119496694e-01
-4.775415825360748157e-01
-5.196933363707457731e-01
-4.973292306501336801e-01
-4.253729793259310998e-01
